0	0.507225257289753	0.0787062249543544	1.99621803388364	0.426962300099331	-0.187269010181802
2	4.07843123567932	-0.434890333627664	2.55716951170771	1.01355492716723	0.581107542243174
4	4.68250048689793	1.78872381026819	-1.13756593110203	-1.65411674012951	0.0155412746017625
2	3.7457305262346	0.0674706080499385	3.01791407239047	0.675763420855808	0.698722657211207
6	1.44578913357606	2.95483809191896	0.131039368908364	2.23393334902052	0.989605576300777
2	3.34791776470484	0.124820756092842	1.54242743647901	0.892984574509414	0.1622585800959
4	1.4026788473001	0.765438074518684	1.55934476357546	1.90964966003574	-0.0254789294147391
3	3.10349059578745	1.75698844941784	3.99227253453716	4.67508975002448	0.171725464308413
2	0.934552040681174	1.29218208841453	0.837346249061699	2.4963699111472	0.791462060778299
2	3.06477463943441	0.85059511019927	4.93370583370217	5.09346135206131	3.04692956356134
4	0.925767177853635	0.306199243040977	-1.67090244842876	2.52589072227464	1.15614242412897
1	1.94913239376532	1.43347492478671	0.734203601841775	2.38925154966018	4.05965873308662
1	2.51135963690805	-0.552332785074919	2.86825334621507	2.16685058350181	0.862437830213125
3	1.06077551752538	0.125206702205162	2.45283092244068	2.19326703238523	1.78618879355618
4	2.23208003646066	2.61599763973427	3.58677381628026	1.84624181491089	1.98676226261433
2	2.82420273672751	-2.01434435901264	3.13593069902042	2.62586072476508	0.254495367843605
2	4.29412347056538	3.28497775677513	1.43287470224723	2.53752620472762	1.44240946824494
3	3.9175879322554	2.28255651418949	2.99698083705672	1.44459845951425	0.784514487031204
2	1.70321931176568	1.54037750770564	3.85748086013469	-0.40053833855408	4.11163367194251
2	3.13212901786751	1.69444361367863	0.269074344645195	0.401003329019903	1.75974688809934
1	-0.40022213971123	-0.85962270544702	-0.174616535890569	1.63158514043474	1.26912007947565
3	1.20212507177589	3.13126766841498	1.98131047902069	4.30145870698036	3.7525049335121
3	1.70829867279536	3.61729908488508	3.04302183423739	1.2962739200527	-0.395551453926896
2	1.08099599889187	1.16359683382543	1.7141923524712	0.593919372914742	0.674778565458086
2	2.5633791232276	1.84487827039836	0.844463019132853	0.842110404623397	5.66716049301309
2	0.350084308270939	3.00879822745721	1.05486090625094	0.174055037067418	1.55841664753035
2	3.66504442119012	4.1550313023654	0.535067711875529	1.89031010075266	1.9071116469945
2	2.76731894953827	2.91921697764038	2.14201436847955	2.45129540107827	2.8623811931897
2	0.900944394062604	1.49451009028576	2.74243460388358	1.70523482620302	3.69062843223124
0	-0.64165137970779	0.428745418204457	2.0928566436002	0.776378684719147	3.19659295183666
3	-0.632988678405508	2.99232191514937	0.352969212611338	1.80053600303536	2.0056335530172
0	1.00765756299584	2.27542217219424	0.420711754344293	0.422144940142967	0.552651908786323
4	1.92685511010393	3.8554314598922	-0.0744003847103096	-0.571405471610347	3.4605984122261
3	2.57900382200246	1.44111257901738	4.37172178539049	3.80773451748712	1.2325726814143
4	2.14862396613916	2.42354728709237	-1.01846860912583	0.5989540776875	2.17522574154672
0	0.972112848196931	1.28112521177003	-0.336499504194337	0.193318059607202	4.04493333568784
2	1.94658214265877	2.15982665632858	2.42387432071713	0.329889004958136	1.39174563049405
1	1.10785145716563	0.815849966309139	0.257453966454064	0.353318414657753	2.35223483926339
4	3.46303459685826	2.31157413077045	0.00669197491595663	2.24800706583413	0.901290169214712
2	1.52380539661946	2.11679345617503	0.918673877530492	0.655731769708251	2.88934705496841
0	0.853238448280019	3.4605805812699	4.78240056871743	-0.600378650345348	3.05253305858039
4	2.07366980652492	2.84038787799731	0.847510863291942	-0.44291183916713	3.93379126992288
2	1.56168764318101	0.612741186393893	1.41979805742829	2.54938932051483	-1.99533193535778
1	1.41116399793309	1.3032331558049	3.22053937861647	0.778057150208009	0.882895086476902
2	-0.444635976469538	1.75183334944573	1.83796670885166	3.06459461002993	2.04938650622589
1	-1.70546456530565	5.29102206508861	0.171088023767751	0.482240464491997	4.10254614098333
1	0.159577971259376	1.49288498348234	-1.55782863710458	0.559113705788754	-0.697490934012598
1	2.41909931239912	0.941061298011751	3.81881159823626	2.5094410552527	0.516545174757591
2	2.37445684801801	0.855868350711845	2.60156001178037	-1.67049946883512	2.0463708610328
3	1.49117698091718	1.00282280393822	-1.37693813465795	3.37337384478209	4.26521035877507
1	-1.29817308776848	1.48405416075828	1.64138818374632	1.82528297084377	0.386203673565599
1	4.24497648976486	0.364364123055473	1.71587454376853	3.33045004024351	1.00055759596176
3	0.0133261504248798	1.41584703293934	1.5659065687936	-0.599602476291605	-0.121016658510109
0	-0.675651936123996	1.12983145598779	3.42088773124847	1.00134809564454	1.74919431652584
3	1.47776285804424	0.892069218998204	1.71069162694577	3.06000217530617	2.64479735189844
1	2.30495858084064	2.2507232628158	3.1808944895775	1.69063181585243	-2.03130944831357
1	0.283344351345351	0.800126831257307	2.34215912548872	2.3935010546634	4.06134397737208
2	1.02251280272919	1.11444921062951	2.10078673920871	0.98086245312516	1.64454046040394
0	3.16721400717828	0.961420168364194	2.82572826835474	1.21623122848255	-0.778118377263525
3	1.28738292847676	2.18936760621709	0.486981581522242	4.33466932746904	3.9413274473787
0	1.19193157025296	0.558850019740181	2.60771179948919	2.87500922433091	2.40928830082801
3	0.478806305779047	2.9485202795751	1.29964997452254	2.02551840753832	1.56549008680099
1	1.43551238686023	1.30958274278699	-1.45884935359635	0.854705599765786	2.73392381867832
2	-0.242328911502445	1.74152510243287	0.0632417111835162	4.63142295726204	2.49063637186887
1	0.340961743274873	2.91859222419371	4.36536103021353	-1.28813905807753	1.91315029931327
0	0.121891302254528	3.25620312809975	0.795720976011851	-0.0942675750743531	2.42093813465931
2	1.63372976256027	1.82569627295594	-2.66814571384917	0.192216076594141	3.61861314896852
1	0.363691304035808	-1.04947512516461	0.785127472734185	-2.97825938422943	0.293270475571537
3	4.12212176728339	0.595506883770574	1.8987657407565	2.36991133027141	1.06549720196421
2	1.75569105339538	2.09370617026919	2.58323176499747	1.24169759032953	-0.439329876650092
1	2.73829669170179	4.70876624309055	0.255862264857452	-0.139451397219748	3.75519172998056
2	1.47426612786012	0.454261036767456	4.71653061406123	0.45358116497715	0.864311464124984
2	2.23833249666309	0.831606387801436	-1.03515563052998	1.68533354706368	3.90819414227217
3	2.03323345557573	2.09045507793941	1.29755341479404	3.40433801288867	1.70916582851474
2	1.66886505235682	3.00763246203479	3.94324981984964	1.03737571394724	-0.401526854391957
2	3.20554397802546	1.25258884017272	0.904571023891241	1.70551518648503	2.96183365728282
3	0.649582734955929	3.15459991125385	0.100274525748367	-0.357585632436433	0.729408339952891
2	2.32892436536809	1.35057078937687	1.64402741658333	1.81756335075813	0.280064067089402
2	1.48124740543406	2.14636063919597	0.887659313850414	1.93055555284219	4.0797138115549
2	0.643184086821836	3.63091338201723	0.420665946576838	-0.213639684780647	1.1253448461439
1	0.4735842876137	1.40837850782496	3.14538192452421	0.624996939697605	0.710166659117203
1	3.25396382473792	3.10516658279065	4.40665726556754	0.365664601148381	0.840666704024634
2	2.05420301059696	-0.0585654719515971	3.48879396667142	0.708031700741286	0.75506875029597
1	0.733897618524828	4.62483342187207	1.70844137115931	-0.271543564029147	1.97340105083045
2	0.552682746277772	-1.59075465868626	1.49442412525793	3.78951790220849	1.75701931471535
4	4.06991694288882	2.37954435551117	1.99820578279564	1.33180703209411	1.73314062250818
2	1.16549516690547	1.97886108852025	-0.86444904921384	1.75925147496372	2.09058429532881
0	0.0616540905485798	2.31122117731439	2.65477907282004	-0.266793425018848	0.645805817427233
0	1.55661786345294	0.198104292219253	-1.47854013239485	-0.353845100499225	4.02708310346345
0	-0.962259363192163	0.719501811904536	0.466964916315903	-1.50032710634849	0.704791735735697
0	2.68498986968808	2.23015713702093	0.403472102632442	1.73407474537955	1.33205185416107
0	-0.0856955571147162	0.418911222295953	1.91212111145085	2.24380164352946	5.19730118129925
1	-0.0433880389597925	2.76872215893867	2.05046506973892	2.17314368937575	1.63634797697648
2	3.15139464984495	1.08937348677394	3.7370371232864	0.050359775480767	1.43650738002331
3	0.579135030156805	0.807357567762745	-0.207595674279972	3.57784003314668	1.97596484522208
4	0.981176379186713	2.07009255192673	1.97767679824187	2.73541614986142	3.1968230066539
2	1.62898517726461	0.778546621084358	-0.444108917397541	0.981991602259995	1.3781602315626
0	0.526025559863061	3.4150293868228	0.204751613529614	-1.97810776528474	2.94564531688104
2	1.95894418614228	0.228849788563589	0.544237609760484	2.47462716342061	1.35057020948426
2	0.342820075081221	0.29425878203048	2.29920766152134	1.72853143717876	0.773521775261798
0	4.03693832877386	3.32280496773065	1.31375514524475	1.53652025908425	2.46180508707962
0	2.48803082281646	-0.715384555680004	0.202946400939779	-1.3078292181491	1.24243256987841
4	1.41750083130872	-0.075306501716113	0.505164296588443	0.737604354618183	2.77451988835144
2	-1.99182156933961	0.797432067066767	2.80275888048624	2.88994120173157	3.39399160893987
0	1.69840219408379	-1.47044200250114	2.8203215201545	2.00951812594253	3.11717078263382
0	1.07497364916975	1.36989333079443	1.37282453021322	0.848846843734288	3.96267988403769
0	5.11050516701974	2.39449706820547	2.38405405759532	0.505363170036105	0.626251094735714
0	0.749359815804419	1.46809276731412	1.74386293328483	-0.290646244890586	1.56599854202079
1	2.20775550361024	3.07481784581219	-2.82919141093738	-2.22483585818776	0.519862080792803
1	0.278977237254022	0.789021992584488	2.48883758673587	1.99289995589427	0.455354986535331
2	3.59154243170088	2.21005961084394	4.26085405341187	0.0434541517214202	1.76744233890267
2	-1.63325944350317	-0.0634407410629079	0.849869448258338	3.87729250971878	2.10599326133984
1	3.32091060121298	2.38708591047198	0.770671050532556	2.82569566785139	1.62144110468807
0	1.49506909249893	1.74352941785621	2.23403125690495	0.514647799117434	1.79165839269996
1	3.4169441401289	0.49854467118712	1.11469164732652	1.91655024699726	1.3306814644629
3	4.35835322121978	3.61876149475666	2.96834216858613	1.17930245995031	0.543986335254465
3	-0.00120891616891505	2.6664434325143	3.68471085569983	0.378437560889614	2.68525930312361
1	1.73524387362268	2.33081948889645	2.68605431609385	2.07197637645511	1.34411266755679
2	0.182149044234496	2.99888752417335	2.77283014893505	2.61541061473225	0.641674834280307
4	1.52484755964914	3.72821098147776	-0.646272541099525	1.88519791050445	3.18624842955962
1	0.683041497766145	4.42431532338276	1.12869205981851	0.404237327001323	2.94568670991889
2	0.755189940586053	0.570304276951159	3.36699958353049	4.76133019497621	3.90942390383217
1	-0.927536490895359	0.0915011771409295	1.64029690184617	2.3785354252511	0.366332014240188
0	1.40529025707342	2.76553530442613	-1.16047642853436	-0.118704408951573	4.12086955074182
1	4.00986680644559	0.661119059641379	2.5054903250754	0.0359849583209719	-0.487122704804194
1	0.0548612905412615	-1.84439085687605	2.18331907177963	0.909287350522002	0.00354958984157183
1	0.863981628714934	1.66675213681995	0.335275581758331	2.81387595454873	-0.230415382374538
3	2.5115197604637	4.25482020024675	2.88871727054984	4.02519240377678	2.40845353324675
0	0.928822876233355	0.229654891253617	2.93476650019405	0.00113935733203818	2.19810228009891
4	2.86112086895148	2.39983745281066	2.84726260478796	0.854981131631039	1.88688380813809
0	2.0440004653641	2.95209368298515	3.43800559893391	-1.0953183721613	1.3132666734553
0	-1.48456610975735	1.43826776046507	1.19418593744529	2.06864050764209	0.884468416675251
1	-0.0690794932932817	1.83434832134218	2.97204996160065	0.117335786847231	1.0160345908509
2	1.26359547964722	-0.985668694253807	-0.521342601018404	1.35578821934367	2.75793821242368
0	2.57744459145298	0.385677175373579	1.76929359127629	0.486880113469358	2.90494458546298
3	2.70410061058411	1.66497900624814	-0.555431781041011	2.19326599212261	1.60009171816408
4	0.278587815733573	0.59715493622263	1.30712487927209	2.6189229841298	1.66217413886338
3	-0.340283704956395	2.17421918122824	4.17989651479032	0.907784800247381	0.960804966233624
2	1.73646696680759	-0.882046982970726	0.409036468282052	2.71822162236325	3.07539968040425
6	-0.655819711453693	3.47363554388581	0.207929602087772	5.06765600850766	1.8246722748607
4	1.02085976452342	0.190570980493747	2.47862250223676	4.65484555534488	1.89278636804988
0	3.35133336229818	-0.45156079093995	1.89243704598093	3.36061023134421	2.65427358588129
2	0.362410429397359	2.66381472640942	3.16148323892627	2.51703560159906	0.627813981724003
2	3.50216920292311	1.42916418148298	0.623497121813505	0.637693012357025	-0.0820912803084402
1	2.84476769617076	-0.386372041241441	0.496418472736244	-0.437195432498396	2.70135724191937
4	1.97766556452935	2.05123260062621	1.64689772768638	4.18092157025566	2.27890934759406
2	0.494598572296134	2.45874513734974	0.295437568066214	-0.293726737009305	0.0825890066428587
2	0.737592876503581	-0.644649148721704	3.65779770790071	4.22328565614926	-1.13303990847038
2	3.62528260797761	0.638363919199768	3.22934930643626	-0.610191537601895	-2.51958077357937
1	0.233858719585519	-1.49926945014368	1.73234660902941	1.49965806203421	0.909511307587943
3	3.20824022169266	1.11589099804307	2.84731809785572	-0.70484897930866	1.37617241930218
1	1.79623977183712	0.598575067094779	0.58557935379538	-0.0912807282283061	0.396448653167303
1	2.02619420506826	1.76133618758405	0.239586472840041	0.802228361927077	1.72773063186462
1	0.888581306416622	0.648175801007477	-1.60698642156305	1.28286828207538	1.74518989318473
3	0.443944833883237	2.98544001564441	1.22941188695026	1.90220983116242	0.674871211468685
0	-0.509726991276112	1.4426845584501	4.53630186640505	1.78143485181616	3.9167047140079
1	1.43395472161423	-0.760365743449779	0.142195448801749	-0.981500707554084	3.27600919169044
2	-0.98759578551845	1.86905508334025	2.23989268187067	1.80654644661961	2.27182083655727
1	-0.0188065365020296	0.937177602790013	1.91633647344756	2.19785225134186	0.731607123661195
1	-0.88729190578252	0.0508931915471358	3.30219943445277	-0.845616015060433	2.62544812447661
1	-0.697601629726728	-0.258374370573749	-0.735679336653855	2.33033535402314	0.583126747544976
0	1.11484458815851	3.85084419186622	2.71917849393638	0.0303169981819948	1.33834478900943
5	2.39898493600516	1.25276990144302	3.77585140228524	3.18703677107354	-0.623791908537537
2	2.41333979467937	-2.16393695093414	1.48639520773059	0.942077648198917	2.02282312755979
2	3.42987574627171	2.36554373957658	-0.449177495794099	0.19411018861694	-0.521031200262308
3	2.20776606485458	0.325971621325388	1.30354163473449	1.08876642996497	0.247626732945879
0	3.11589632833009	2.8284388920183	2.4577968733917	-2.53297438268033	1.83376832197494
1	1.46516086579748	0.743575202080649	0.099613511836687	1.49181448130552	0.667174455739906
1	0.865616648821355	2.28000703324081	0.983939853096845	1.42633356092798	3.56684535463998
2	1.3945057804527	1.04646100968356	-2.44110899860267	0.0424660711973552	2.09805098292866
4	0.704982552953676	1.22379818405939	-0.809631874107228	1.69029058067361	2.43363780591605
4	2.0518402007568	2.88322690826236	0.928144765512353	2.74238261911842	4.88251923961246
2	1.71503992023559	3.81602411517707	3.39492859106188	1.33771269175862	-0.777511493604895
0	3.10779773129455	0.50311561785126	-1.03273808446081	-1.53855168688176	-0.0690394522902573
0	1.92786422748639	0.542480983849288	0.774877544431163	-0.796641846981387	1.10315987989704
0	1.1546324592926	2.14655088301302	-1.47353673410031	2.44475613989846	3.30114784770273
2	0.232276613067208	2.39279961961365	2.13798798593326	1.79732212120676	2.26347151758359
4	2.05908261727132	2.31598788884538	1.18554603299205	0.955127574392133	3.74325718852803
1	1.41817430653797	4.24298062516443	0.191215966520574	3.57742547333873	3.17293206468397
3	1.18452728973034	1.54746921499513	0.61653034325792	1.06924565581389	-0.643606506252117
4	2.77752493617818	1.05521863305111	0.526934042861708	1.8350749311404	-2.03450469559839
2	-2.78922814467581	0.331183276310263	1.3055246710287	2.99657826545482	-0.0360122095961031
0	-0.298199180805294	0.667448400524886	1.17263009811625	2.37807445747692	2.51752015762347
4	1.64404284204852	3.35983132762081	1.65207538327569	-0.547547881037111	-1.63859140735564
1	2.19324968645678	2.09389621762896	1.2534755400185	1.66973730173607	2.47891531088841
0	1.26620612952273	0.42777410544213	1.15454268755238	1.50786825086583	2.95550204961365
3	2.8124475986418	1.79813955791855	0.588250559890662	0.71308946833567	2.06617911760424
2	1.52961638312085	1.40633158655569	-0.289398340822504	-0.231691542365151	0.398456025570113
1	3.79385928421874	0.84689764267433	1.30216462151545	0.189983720066811	2.72159952154938
1	2.14453656492164	2.36854521844394	1.09436117069023	2.5894426930261	2.660155748026
2	2.08145493883694	4.18542805239087	0.690305149100445	-0.106307178608074	-0.359722528007366
1	2.08347544384773	-1.41287618182966	2.7973315205279	1.31586210049729	3.18687541151508
2	1.72810026036562	0.580227473091264	0.13422341425089	2.48915840591205	0.541584434055498
2	3.39333891038103	1.3847718222557	-0.122030373467546	0.440464858967909	2.77788008289757
1	3.11142845263326	2.28479552569466	4.48598164602147	-0.133272893832419	0.775080997644614
2	-0.631888411471849	2.60024680726612	-2.57225427616456	1.81531208117058	2.34520805052728
2	1.60598563816486	1.02001556036514	2.61097871767312	1.77012243445938	4.9315463247045
3	3.97242751096255	0.0155572114127547	0.0732573680580981	2.16248940253712	2.71883941539379
1	-0.646595807109178	4.46043487855055	4.22560497160952	2.37280900786492	1.9033034620611
1	2.81096896370433	4.32942031531096	1.1566058945837	1.88358225907675	2.74967204987419
3	-0.0463063772359451	-0.612032870511332	-0.568930816950239	0.958494028715011	1.00015176322071
5	0.459893930307506	2.23818989372147	1.33273295104151	3.4369620160838	-1.54251354605583
2	2.25980532885632	0.108712537030027	1.87834467878527	0.560693722720264	3.75220730694028
3	2.78967015788729	1.07694384277808	4.94117306715644	1.69339642234866	-0.131898812612403
1	3.37090858025539	1.83702202750275	1.60238800485854	-0.428660173667955	1.81592821154603
3	0.595277344277302	2.31492335828896	-0.831040120684542	1.79087504076287	-1.55361918194345
0	-1.44697997358442	1.74595703269391	2.58629632868936	0.656620477005631	3.44021531103577
4	-0.15017166553272	1.56654371211621	3.93263576021274	6.21071468732146	1.14821325243474
2	2.24476054932524	0.0515034415541467	0.0222365172700081	3.48993486760176	1.15934034270817
1	1.45501423661027	0.293314156557039	-0.253989975238279	3.88855609555117	1.20646170924805
2	1.28448973915588	-0.535154154271012	-3.7387451504151	3.43978836081121	0.0923836237150346
0	0.448617883605668	1.19023157003021	0.086645700476234	3.20970422795852	3.03327227565651
5	0.204583093977867	2.42780281609861	2.28700852891191	1.17428107848047	3.4459249751912
3	3.18670607708564	1.67777201386741	3.40677494285621	0.00419461235155083	1.33173831601504
1	-2.30121215691392	2.3982227117206	0.585182846768615	1.27238208113656	1.52332580178673
1	1.33399052461852	1.55532935767665	2.33460341335141	1.08933785171607	1.9220514130586
3	3.06080714382664	1.11073401800861	0.743254812335112	2.76154789095074	-1.20907894084087
3	2.76254447474894	3.2054336275302	0.175688826909853	0.865968633899118	-0.626969731573156
1	1.90192353670032	3.63802652435557	3.24120691219413	0.691799810276563	1.7473956998912
0	3.51464774292964	0.66745344701948	1.96539242146405	-0.846892840513547	3.01922901200633
3	1.19105097009048	1.95175620236774	4.6910723331672	-0.361303936111886	1.36887045566451
1	0.407811636784772	-0.812742188471596	1.8621595421533	1.56738936829831	1.3415468785844
0	-1.36122433683446	1.15356099060247	1.26726729098242	1.79331392841551	2.11043601410303
2	2.75844382228086	2.99128076891461	1.7461617575695	-0.730020755664683	1.1075109098061
3	-0.0845061883244314	1.55729437388856	-0.132551449581397	1.95038085106416	3.12542915274408
0	1.05603794818396	1.1628271047593	1.43490203926182	0.933207804031162	1.63235777934876
1	0.317615475515604	0.529628859130962	0.228372181121845	1.85685308592749	2.21478323141306
5	-0.743162747906243	3.18780407496898	5.19921575639854	2.22305650261687	0.721532250836612
5	0.512020776640151	4.65113096607078	-0.188971342341434	1.9471432055419	2.2399847511822
1	3.473362542759	-0.541271027788639	2.8289957232513	0.520723474609977	1.99666066988548
4	1.62006395478376	1.50761213923357	1.5007661239721	-0.380124745941487	1.09549163693399
1	3.21730823590884	0.970396657862515	2.81221392224204	1.88380204763294	2.68919937591138
1	2.43785441542535	0.662729139241876	2.27716743925789	3.19600775740638	0.229780169783364
3	0.677557984488176	1.14118619351854	1.5540644917977	1.63530977885595	2.4349629769432
2	-0.314977607097652	-1.14145204319571	-0.211273345602154	1.76578350055225	-2.30018103405072
2	2.04894807394891	1.78695853744959	3.50436540661038	1.05146789194868	1.46547138355104
0	1.14701567771261	2.01943652301059	2.27589169198075	1.06079787818306	3.07092404695768
0	-0.224930278972971	1.30655136908378	4.40502060844844	2.57495546541716	1.87390667920697
2	2.89329581594326	1.32183399306224	3.13096540143837	2.03570135833945	3.45718776649256
1	0.00730011602335767	0.992430718279856	1.51384552928785	0.15454115769834	0.460789128199564
1	2.35552502230784	2.16821783431874	-1.32156939414486	2.38409995079964	3.02774653430009
3	0.81676203057504	1.84720944432962	-2.12220825273365	1.10704813779977	0.0145170154868297
0	0.777876101911297	0.495647808883395	-1.82252819814528	-0.483230055747949	2.03508436045732
2	4.27423230757735	1.6321756219448	4.4902150951801	-0.0221710676190991	-0.675764546033477
0	3.14794551528144	0.593518684347887	2.39140608525515	0.434150123828156	2.82484486679578
2	-0.700359520472316	1.60630009267718	0.899190221335228	1.58984746056176	3.31487385074754
1	4.63839496685833	1.16699718326614	3.91249231721032	0.396730464532059	1.60159414896236
3	2.75973307982157	0.553201411571172	2.48155983647679	1.14819903374677	4.26195496912443
6	-0.0756198626800302	4.32170449482432	2.58547172301066	3.00069296708494	3.9079259048709
1	-0.810076023397852	-0.215878535701931	-2.55676458987005	2.22455030112918	1.26913729318822
1	3.98342636486558	2.4202688910619	0.723461380875905	1.07104313436136	0.463773226340834
2	-1.93126892989732	0.969941118450405	3.24921390491804	0.465688700033157	1.15680572369755
3	3.03996296142298	3.43546715385566	2.0903131136278	3.28419006410283	0.467211015495338
4	3.39242959394843	3.64809788066266	2.24435838324813	4.30001065537341	1.44174857783451
4	1.7030130825771	1.32226063140126	0.801514046202615	3.39615134082657	-0.296519553797276
0	-1.39552850260126	-0.484702314437442	1.90388188962774	1.49057038207806	0.875411165313743
1	0.475463919170157	1.33922294535077	1.95675112400578	0.975347644534897	0.991058062739842
1	-0.033522253444334	0.216594599671228	1.54749606928666	1.08301819239396	1.07620413796915
2	-1.52776605030106	1.14179009237167	2.41290313632372	0.117359355430101	1.2691944708358
0	-0.504146917180663	0.196009183395736	1.78830226330632	0.731875239874047	2.89630194349237
2	0.99714201341496	1.43359963786177	3.57087668513892	1.54115943932885	0.63869233062139
1	-0.308251473229836	-0.275122566111381	3.42053597502483	-0.13988729971189	0.166650112924401
0	1.23465015972213	-0.659501203906554	0.142358249866803	0.660714986214671	-0.775212619597868
2	1.76412231455248	2.00807250422518	2.75345524276468	0.333129708886455	-0.147568171877582
0	0.441089315839916	-1.0108909192891	1.32838075068905	0.294026168758284	0.609216288691497
2	3.36272270224682	4.04246515288991	3.08181914866795	2.73779579207277	-1.12922073147039
1	0.331978010723564	0.826978094451173	2.80471418570577	0.203651886411675	2.66137532864598
0	1.9047075392189	0.990560364157578	1.07890701220088	2.34834058544094	1.9819387093719
5	3.65976416553781	3.67345644651058	0.00724229336146753	2.26927926649451	-1.39180774574645
2	1.82589636484927	2.60306250906291	0.369449345679258	0.32100018652429	0.726418044713239
4	1.94579092452489	0.988923719832837	0.711593953632093	2.87094068172683	0.268411369591667
0	0.642610087975046	0.56880421763793	-0.650420894030987	-0.822170323214074	0.68882131421065
1	1.16242961099355	1.37979814561109	0.154422716619326	0.609087684879331	-0.0561045572418952
1	-0.342564353281247	0.876577498832436	2.24637520306361	1.21595452452161	0.487844611902581
0	1.58396894106591	2.28868456975868	0.961669826190048	1.74306258127986	2.11052691050239
2	0.835384953796188	1.76034423903792	0.792213863808763	0.844899780222526	2.50326247775442
2	1.4796429403765	3.33827023672077	-0.209743710814117	-0.545101066440311	1.60756462552824
1	1.19664749322345	0.735549366493821	2.15549858011774	-0.7193402876034	0.684524612641476
0	1.82840483202914	1.11498101947777	2.70102874204482	-0.773467584629601	0.798603239437161
4	2.28194109777657	3.41147851056932	1.81371316580495	2.36647179304963	-0.0493803067011842
1	-0.886736147618828	2.34830632886603	1.31597215791369	0.914122831287073	0.682768479283333
1	1.01280467925069	0.135636272839251	3.34608146898508	0.195427283410514	2.63488207067405
3	-0.583172896730451	0.942135471475692	1.04075262954788	0.682922818958382	1.76117205630624
2	-0.742366076287589	0.845758470310738	1.25335756065244	2.13387963754339	1.34833309763035
1	2.06012543196461	1.3120741556804	2.57748512458186	3.16978727724177	0.666031655732561
3	-0.0252459652809192	2.67637872878998	3.61485400348133	1.27708709602795	0.179407968204406
3	5.15954202799907	1.29043734384639	1.03660759931048	-0.350082179389706	1.72994012859997
2	1.91312595161204	-1.00587733123708	-0.410895814169649	2.32003544223271	0.0338248329917259
2	1.69668232859989	1.74789079737211	-0.420434718173043	-0.598556069544008	3.21108618048605
2	2.95081197180591	2.30086842851631	0.587388812677677	2.31717408114281	-0.276203408553333
4	-0.14040290371633	3.79299467236807	1.59196466330278	4.40043470554917	2.20755694052815
3	1.4489303298401	1.58980956864595	-1.43286067096259	0.171224716608996	4.53915661033932
1	0.851068904718548	1.02755277214949	2.46097235060258	1.39972139700686	-0.280685364000231
0	-0.563670957461923	0.196399470045061	4.22384946916541	-2.73265653411867	0.481148728358505
1	2.95488937516104	1.53761917611387	2.46211998242943	0.587357238597642	1.15611440991047
2	-0.427088150071977	1.39304047108503	1.77806554069673	3.25423022525887	2.33126834689279
5	1.07547226107314	-0.732515398915057	1.72022962834975	4.90568933804059	2.17877517287733
3	1.83276644098431	2.88962412896845	1.68720723474499	3.61760151022245	4.69504498995248
1	3.48224590539642	0.759379160897845	1.07073514676429	1.79962295060591	0.313060977758352
4	-0.625121616040267	0.343507358685374	-3.47074583030942	-0.286237726700822	1.91308421809905
5	4.85688590236991	0.711014468158682	4.09607477330489	2.91512746992033	-1.26120550881581
3	0.637373333904536	0.492316840647384	1.51706325219106	5.85867453183211	3.94470759477509
1	0.428743512924674	0.981563596300115	1.22086478467627	-0.125200957653758	-1.1534226999094
1	1.530892173875	3.03372808695199	-0.111538663826831	2.54373242053343	2.40730769641076
2	0.219027701530683	1.93124165274695	4.00761636667484	0.989616429619872	1.93287176220729
1	5.51297914895578	2.78769683479659	2.00479006950267	1.63114838997108	2.6551069040834
3	1.71588797037019	5.94484185605923	2.67120394903646	1.91527237812364	-2.60176876712663
1	1.35107606933515	3.61812618286437	0.917974954484863	1.81870467855781	0.152123529484291
1	3.14158047330598	2.75200908028095	2.56125855322905	1.70079887780938	-0.0472221545876612
2	0.417756524512268	2.67018061211343	-0.390657844324961	1.04147573967824	1.28698200776477
0	0.549077222748651	1.29715618897594	1.50732312425204	2.41184574154496	2.05735547338391
3	0.275173185513501	3.11024743903858	1.74802368510795	1.825197285991	1.93135630689926
1	1.49797868330087	0.418640308232666	0.828169834195471	0.502461951842081	-2.81823968033616
2	1.93145968208809	-0.549004842541378	1.39685838905309	2.74253872667347	2.59983678251321
0	-0.302712677899031	2.87527014946595	1.64071121604991	-3.9117468705277	2.37539827912918
2	4.33132826832739	1.54576186061173	2.47524382659048	2.11080803135233	1.25357304861279
1	-0.127108877886854	0.405371860430706	0.799849863230167	3.18384970566161	1.68726361313267
2	0.785315192897087	0.611796760416001	1.40450650843869	1.11718524412928	3.1077927452315
0	2.87148304071929	1.30442452721475	-0.820634732011445	1.5714493813887	1.06549556717393
3	-1.36903563522339	1.41297803509007	1.10764553559064	0.854888136248058	-0.845325092170937
0	-0.243634376487738	-0.0382083301200766	3.7917057910001	3.08417887551801	0.67734982437333
5	1.89627529870581	1.24887386335149	2.31654131869944	2.70157907855164	4.76194862795033
2	-0.601643259094184	2.47220856981863	0.558981816238497	2.03180371093307	-2.54726048776386
1	0.29132000750652	2.68618242052998	1.35136079991879	2.53326347057102	4.04139792234425
2	0.764726474646505	0.0163300675965707	2.01665086175317	2.05080932224716	2.85130409596747
4	1.50785291094538	0.725330489877302	0.786945175209581	2.47787817242729	3.62579419114522
3	-0.170032147326035	2.93817896500996	0.520018122495712	1.92262829729746	0.411333166019587
0	-0.0802988116441083	-0.349133600044039	-1.52570635003011	0.376053434383869	1.05238201018451
3	1.70707232892364	-0.609628878162728	0.734579395846528	1.73295757766966	1.5680939600933
0	-1.32305171315566	1.0900890796836	0.938851596125412	0.851808544125273	1.10148675610737
3	1.27331760395679	4.13980317597625	0.957643116518189	1.52957101056968	1.40528858712366
0	0.757921149567438	-0.499906047716618	5.2240692022623	0.474369529111544	2.0247017517688
3	1.97294285303874	1.12804243304553	1.22451867505735	1.10762656786533	3.52131880989524
2	0.245690804568902	0.99868319438275	-0.790337650386327	2.70137001216305	-0.20388659573475
1	1.22193220321098	-1.47246214614634	0.432358209331033	0.99541946785509	3.38486165965225
3	4.25642790841683	0.111484870404531	2.63375646024723	0.867357431821914	2.27708088895883
1	1.15137729573846	-0.0153796534278223	0.0710537866501879	1.57758408320553	1.18485585038121
3	1.82939642295267	0.134979649123753	2.40191765619464	-0.59033041225481	-1.79705781787676
2	4.1622629519798	1.18622119123729	2.43783227874541	1.54129708665208	1.96197822554202
0	1.09669109585229	0.7968663636339	0.526505158849227	0.375071652122043	1.17900547121205
1	3.59561495737511	1.7060289733063	-0.122520779599139	-0.127324654283004	-0.079000212470028
1	2.58983111164958	1.21693925091984	3.49162763971653	2.20340484999601	1.53029670530836
2	0.480888371430114	1.77805419551715	1.92084486986172	1.31356367630914	-0.234015286090896
0	2.21861546848408	2.0756761812323	3.42984554218719	1.67259412547452	6.0672499631806
2	-0.245546214829404	4.79392579648883	2.91383388616433	0.700913982780173	-0.610696592681448
2	2.34150819743263	2.31264055493259	2.38149042831027	1.33326710701657	3.24486790306772
4	-0.710099286734053	4.48884833463821	-0.118184688355593	0.41591690504599	-0.632352208102004
1	3.6599382984726	3.11109530779681	2.03505491453806	1.75385491420486	1.40692213396244
1	1.07848839511125	2.21678445170554	2.94343605348654	-2.87084002922079	-0.802413263934926
1	0.835570683234017	-0.801099714377562	2.70082884715522	1.62445921896637	2.28012579986373
1	3.0896176714745	2.19081002431765	-0.574319516268062	0.794164336966785	3.40194021850964
0	0.288777049992689	0.204859826473598	-0.408700726868437	2.40799172970656	2.14251285419511
0	1.40022260180148	-0.620016710956135	0.301230083720733	1.16026377599256	1.59528460027456
2	4.45638161702897	1.09781358499018	0.504067782036999	1.46996633498413	3.26414099899764
2	1.63176316715217	1.30360694015873	-0.261218162061049	-0.0655592669373992	-0.554447904841948
3	-0.0230790096433551	0.70228699189569	-0.366581818834655	1.7113644568417	-1.39465457226788
4	5.14657150660271	3.75522113309124	2.01206244332794	3.37411159885614	1.31140930496253
3	5.44874830056742	0.0711239996639788	1.50350337313477	3.18850025868612	-1.5790002663956
2	2.19513477997494	2.15600760126241	0.879326461204754	2.04462188071473	-0.536682756793915
3	-0.0784796393027245	2.84786253918656	3.19139430556789	0.627896417662174	1.05897908901702
3	3.06085529457695	-0.654318332101748	1.73917656504265	2.21671696305398	3.25056379299616
0	0.863391777699023	1.62802688461641	2.71912430659349	3.80740872992663	1.86023465788387
0	-0.784272472807922	2.29224776351188	-0.692275450302286	0.245939644281632	0.585040829600771
0	2.35443485555336	0.878190809377359	3.15052864863419	-1.63326939922751	0.814923434947668
1	2.4119581924137	4.89171318641214	0.662085801895782	2.41196688101522	2.14555403667382
1	0.465413228564586	2.05896859166371	-0.0196539692629063	2.89486574505951	2.50857984425048
2	1.28976336451766	2.30891021916271	2.92815841676333	1.784902895008	2.54889325128469
1	-0.427600824665176	0.666014711761306	3.38393675275661	-1.64667433493315	0.908883817649364
2	-0.41610889310793	3.39930997872183	2.18542202812712	-1.50486909820286	1.02479477261432
2	4.17408671984139	0.451908037668528	2.76949801444457	1.74758128836015	4.74938529925936
2	2.49364266106052	0.790075962028585	5.7319938051208	1.24259812138352	-0.648429710644879
0	1.79704172674197	2.43340367974755	0.968220059946437	0.0155701199798364	1.36285081612218
4	2.96594365392867	-0.194354366210205	-0.309871288014775	4.62195633915803	2.82651179287212
0	0.957214751743112	1.7700365861558	2.52084339642621	2.18037387635499	1.40158694413318
2	-1.5940225261744	2.92538323661885	3.31866482190314	2.4232772475824	-0.789717141826916
6	-0.480884932802931	4.20761023021622	0.736044370040588	2.56483411234887	3.08287637941392
5	4.00156600487216	1.91732713465313	4.04953195581377	1.77260223206828	0.201394650799945
2	2.02263465233051	-1.66869116757736	2.79192702229904	0.964948986217453	-0.426307311466174
2	0.558142383679132	0.0663987892177123	0.438314644865376	2.6617067069614	0.259027040011135
1	2.3224376383587	2.94414206623884	1.35215633641959	1.8384613256817	-0.749387877342362
3	3.49250561931859	0.829839231414358	0.984445911394567	2.2188896542365	-0.54681389730275
2	2.43429062894635	1.37066238267707	2.64830027846562	0.925915830536301	1.21851520171045
2	2.03913576553813	-1.04727830754703	0.0918900067503072	1.97317776391304	2.99104552044142
1	3.10938794621726	1.27222846727143	0.202985218962328	2.16334358968642	1.86866826335756
4	2.55172031746528	4.40275638342998	-0.357404508549506	2.98046347398295	1.32142192392827
1	1.4786824458288	1.81927698092681	0.747488262680413	1.10887367743859	1.9841989778168
3	1.81736934893703	4.07193222660122	2.06406028694022	-0.87887527894787	1.78143587814975
1	-0.269934129151367	-0.171172722478103	1.6276031877546	3.97609573940737	2.71173037989174
3	0.517614675636882	0.510121028729766	1.09653376911688	2.40574237299008	1.98550924626722
0	1.27041162173058	0.799430274568393	0.25431667388034	1.84800523346343	1.41194046197806
0	-1.67448661145215	-0.28604121643852	3.76892222344463	1.47641561432989	-0.909981055395091
2	1.10672884197168	2.66164745867946	3.17902245979334	1.75747248189582	1.92619501601142
2	0.362971931297797	-1.08627248221	-0.472603109806234	2.86936955430809	0.0610028080498468
1	1.05174515904669	3.67215833216591	0.992538037858904	0.127871083529486	1.16608337090471
5	3.21094818220782	3.16224550630583	-0.655064638818529	1.59003231325556	0.710569179383945
0	2.80382556236994	0.173555177509457	3.31407173296733	1.2677986122869	2.60675122702858
0	-0.428560763660282	0.266020369798316	2.13380534242504	1.62157990308241	1.73059387865422
1	-0.36524043439474	-0.0314450025630013	1.89919499971464	4.40491604019347	3.38883947912579
2	0.815506095468979	1.89937843445284	0.931766551533282	-1.61625753093133	1.05229790864695
5	2.00513359979963	2.77736405239251	2.37643689768176	3.13878248464889	-0.159506340236156
1	0.210946459572714	2.86492302205242	-0.845786167023193	2.18620060040739	0.00341846986911065
1	3.56735339055914	-2.14969406383429	1.03847277513951	3.98026055121587	2.39570069679906
1	3.04200561332739	-0.404536009699339	1.47650242994494	1.6885919874005	1.85394763901233
2	0.778373128515072	3.8623634750155	1.86311316353851	3.08982007693064	3.52801974051715
2	3.15515833688826	-0.424290669178759	0.699598979814451	2.7062973430337	2.39197216034592
1	4.17868001818998	3.66940843804696	2.63799702660041	0.728590078474604	-0.37715394733696
2	0.892593408935328	-1.24841877134372	-0.51276373404593	0.637589712801792	3.08267618695094
3	0.348550970633119	1.2181523580454	1.27207464632872	2.1933071577259	2.00014574114458
2	-0.875097859290793	2.19594821487525	0.505972059355006	-1.49575610657911	3.15361642718996
3	0.037940136469111	1.62587587730981	2.05984366559296	2.90894363738666	-0.381234265616711
2	4.09202856260818	4.79045198722472	1.00296007046297	0.662601298956583	0.314868482113952
3	-0.939244302515785	4.52679359681269	0.865034657825957	2.12968901675392	2.16951541126252
0	3.83738255974171	0.566282304922487	1.61040478664407	1.51082976440811	0.434480192027931
0	-0.657895924474417	1.56870325953433	0.391782188682621	4.12549261475816	1.26481338804858
0	1.51037797891099	4.89321117891295	3.58647773511037	-0.485121101499408	2.72611858098839
1	1.53893323958845	0.606957328466366	-1.37825927879063	-0.552846167680887	-1.50379373902422
2	-0.651537675320133	0.785435349785287	0.166287130192316	1.99208940433902	1.09951627166772
0	-2.35637762970683	1.77594696359481	0.687294548361215	1.73902354920537	0.45851587448095
1	3.37601991269088	1.76502668983416	-1.42578941610845	0.304274143335758	2.56877113732073
0	0.0444060047693449	0.854330623082182	7.40028834293453	0.155044150127066	0.849096012101603
2	-1.30807144431601	2.48960683650091	0.0622712579516129	1.7408439820987	-0.496842794084566
2	-1.63296517141459	-0.916210382517618	2.85990427474627	1.21862448124123	-1.03312278852153
1	0.561807559205468	1.07296010390032	0.910738738431784	1.72656306495654	4.22214780743451
2	3.5498531602188	-1.41340381450026	-0.315121137626137	1.4597482183213	2.24255659151556
1	1.00012846424621	3.20745053925756	3.06109242265173	0.315868728521948	1.86845152211322
0	0.533859213858246	1.19631824387895	0.516577380797588	-0.0872269036646967	0.746068548080794
3	1.68395112815724	2.90001066333878	0.428022238764481	0.634674667942178	3.53140339292586
5	1.25308310631752	4.11125702756046	-0.443784828339765	1.42225844580524	0.385884855101499
0	-1.10380154518198	0.449943666275753	1.38822166351912	-1.51199607847685	2.53680086194569
3	5.01010471991142	1.5363809638719	1.67927500764182	0.962454928959842	0.139959328664099
1	2.14605505227173	-0.31828800588149	2.88505574037809	1.55584766130497	3.24561518678429
5	2.38532592870787	5.27392554292037	4.83077918252678	5.07794381335339	0.701568542935108
3	0.913896515627078	0.567171726508359	-2.08810581517572	3.38017094602666	3.57687609880873
3	-0.468429922626151	2.46194500936595	2.28194642240862	4.13176514289261	-2.25378897786591
3	1.82768909427415	7.47675295615631	3.95082715941026	-1.21371561080449	2.16727506323727
2	0.832808767036261	0.884115470035022	1.73637395234202	3.36308377574415	2.56567228038842
1	1.4317607833487	0.646657962967111	-1.19122706517287	-1.99515697929577	2.09470002864152
2	2.50402957959403	-0.043917608118087	0.0945270931027731	3.75141525079747	3.83361210763254
3	2.68992809192142	-1.91361760356485	1.51686077511852	2.65029430061267	0.994684740928097
2	0.0949293510651954	2.52830129101698	0.466531860856878	0.0654403568694679	0.352745900795682
1	-1.50990275939964	2.18371114078777	1.74180415829466	0.934280283351592	3.86350169105523
2	2.9427281905001	0.769666501507668	2.1538352440586	0.124625262087159	1.0254548565597
0	3.13742749320047	2.18003311941104	3.0356798383178	-0.601685544997089	2.51869524580461
1	2.60293597668428	1.66299065673993	1.19286390534586	2.67603574611979	2.13622918176433
0	-0.0480930988918233	3.6749379914072	1.89803544638276	0.140058967302805	2.99101608521965
4	2.13903320088118	-0.258542536060372	3.62058460224025	2.52967640300634	1.78787421745278
3	2.82368641456882	-0.321268143083744	4.22232777073663	1.18354682276703	-0.782123953876801
1	5.2542929118634	0.704954845193305	1.18154832516529	1.89287036809946	3.11852828219636
0	-0.48540504829825	-0.0886195399051841	2.29519955087307	2.92497358266996	1.49682843753316
4	2.8878173415072	1.5784501017728	0.953488387907798	3.6285769395345	0.663222833531906
1	1.89421635203368	-1.18603470541697	1.00846713129429	1.30924602251979	1.78990649365376
3	1.5483620136452	1.31149849957211	0.0555264411111982	1.71503767291241	-0.210850307765524
2	3.86400995869953	2.00378634298633	2.24669184076747	3.28186829567848	1.27088288696366
7	3.78978662560391	3.59809830902274	1.43419016119336	2.8821115323803	0.317513282714327
1	3.2196532030696	2.17788030948483	2.61472335796266	4.13702736561937	1.07902004178449
0	1.59430254367618	-0.0306396643806819	-1.2632629537748	1.89504157440825	3.43400560006979
1	0.18428004637566	3.31528736730014	3.15905113533917	0.106886455421304	0.6973117434496
0	-0.701242988385173	-0.320439692726531	0.957008259482753	-0.377645948516688	2.79290304761498
4	-0.325664554246578	0.13696776604639	0.837374237586368	3.21127463055754	0.598656403677925
3	0.327872145536173	2.40763902160737	0.683525032343121	1.34406589320708	1.24873421817979
1	-0.0821802146965345	1.35939694022457	1.70616785412217	0.0598294797091972	0.830950866737671
10	4.77889470715258	1.16298358019432	1.41510837573771	3.90704973485068	-0.0605327022051063
3	1.23760026848612	1.69610203082452	0.518597872383621	0.138135232006545	-1.32800176763971
4	3.93934860127287	1.51052807360477	3.4463026933589	3.95633442067403	3.16688552821517
2	0.851397035521632	0.769842718633365	-2.30021779911684	1.78375623624665	0.630232019619805
2	0.670945992082935	2.32763245524331	1.77801943186719	0.254131677415701	2.16056035674889
1	-1.38154972983068	1.78048543189657	-0.858312771541801	1.66074300094182	2.95143907177842
6	0.502508501710291	1.4957218740553	0.154809403344811	3.24594710701037	4.25306623128296
1	2.13813959323115	2.05197683970189	0.778884546999563	1.49346016861545	-0.294384062797732
4	1.08005726093599	1.04855115293006	2.57411847238832	1.90623016095395	-1.56428533128945
2	4.4896932822811	0.262860832418393	-2.06027963930021	0.122596756878018	2.34097157158478
4	2.1424870095451	2.1153534519555	2.16368520398002	2.70980052628125	0.755846452170503
1	0.111892855484416	0.891388638043822	4.11600112075432	1.9351847722596	2.3489756433141
3	2.95049829105509	0.570165513598663	2.17076470645057	0.341160250287212	1.6797055393189
1	1.76021844848855	3.21045307666479	3.8425481709911	3.05750686408624	0.923728798133044
2	1.80979781956111	0.680436546801296	-0.577733097803718	1.31016450471665	2.98010275832725
4	-1.01284905612925	0.73666032782821	2.67000823895671	4.36269000340566	-1.12220355199449
4	1.60491345546973	0.871738563797485	3.62761827221155	2.80057004770846	-0.0841670324964605
0	1.30776479184742	1.11940443422099	3.05622788531397	-0.0574241285206818	3.36873225746653
5	1.97918991053154	6.0147919842711	1.11718345703919	4.49709314539719	1.59582010043328
2	4.46378798964569	0.284031605694766	-0.466224090919756	1.34458416164979	1.96389779736228
2	1.77289372877857	2.70995967298092	3.99421540575051	0.807681517975577	3.37594326006469
0	2.95278291871148	-0.836464930324973	-0.755526074599714	-0.334099769067578	1.20963527228923
2	0.649412906902388	-0.0868138973020036	0.410846733133444	2.79346636412572	1.56542623410585
0	0.371616084478589	1.68060105173139	3.87403375492341	-1.56938579645116	1.77688886841982
3	-2.73971728360884	2.30530689190754	2.54019837068821	4.13750919732051	4.07880791296602
5	-0.0198225513933821	1.24294981865868	1.99289467400564	2.48477280995498	2.66355646415889
1	2.36549793348162	1.82478354583224	3.14392280172239	2.47915786587954	0.765320564675859
3	2.76009473687427	0.742227268054877	2.572097629431	1.93445746748408	4.71395061193122
0	1.65724663919608	-0.517464114428257	-1.05306769220814	-2.28938196852436	1.57660784727028
0	0.847071589353376	1.05953389004902	1.53635732874695	0.688516514246272	0.52620910216266
1	1.78095395894236	1.41900278985184	1.32483427810794	2.96173697276435	2.80841387866127
5	3.96645302121493	1.24562350141036	2.10364956633802	0.700269793749095	1.17614622988183
6	0.381958483720303	2.07740124682293	0.809551232634596	5.41021032733745	0.193653659357147
3	2.9977914433155	-0.366754801625639	-0.793674675025634	0.364551564219075	-2.42666854384204
2	1.20095883827687	2.25630498110991	3.82808912053637	1.55410561219803	0.240015487198455
0	1.75605798496803	0.549294793543128	3.18846646211462	0.308744185595277	0.146756976524882
2	2.57512221935714	1.74998845571289	0.444404863251649	3.03813085150179	2.03235314223149
0	0.414073388437108	-0.130727033645337	0.816363770183948	2.17418498992718	0.834192675891236
4	0.164512886476962	3.46434338640018	3.81748206518383	1.35809090355011	1.73068787867106
3	1.76194812164214	-0.290849606347845	2.08376864389227	-0.220220211198465	2.4270528568047
2	-0.872550797037451	0.816022645441791	2.24961872199174	0.649844564172159	3.80400038487873
0	3.86847022550886	0.327629182762667	-0.50187354488171	-0.870971416408466	3.43922265079804
1	2.69794381586621	-1.87961730961942	1.35317049447329	0.852062519404544	1.94961037776068
4	-0.659934098965307	2.01201605594462	0.530429701316958	2.30141219799948	-0.0488593155974604
2	2.32940013357116	0.261138733746496	2.0926089200856	0.424798496356128	2.92031055913443
5	2.24202845360327	2.15967712551392	4.2388823105363	4.04279631263589	2.95568432583371
0	-0.574246943500004	-0.391295394639133	-0.977225651454264	-0.457074079522826	-0.00595197172306339
2	2.02579900229065	0.851361701261932	3.46580352447723	2.69073825723439	2.01055904389024
6	3.19543950137568	3.91212031137994	1.00814280499669	3.22031134550034	4.85637091240374
0	3.47672846110558	0.952293749918426	-0.249254410935447	0.868180208144632	5.78616721805126
1	0.393015409696723	2.8710239633614	3.92738594902023	0.742775154080901	0.157803961871757
0	-0.564574975128641	-2.35959242512926	0.518962602723399	-0.880838312716217	1.87074785957582
1	0.83316668705133	-0.0637267538063768	4.54641305748596	1.91778552308943	-0.714698614170269
1	1.39501704547666	0.813057110011044	2.93449972105382	2.59705524922577	-1.47371297569872
0	-2.38763061944361	0.598694158312309	3.15574090224164	0.602535580031809	4.34870848463062
0	1.32543192611781	1.44834959797824	4.11990563044634	3.34757165836511	3.89245439643908
1	1.49521020196178	3.65677437585194	-0.306251057363953	-0.389077481218409	3.08216560738699
0	1.19725974715622	1.51320899835642	1.32834536936445	2.22041192680538	0.691253840792743
1	0.357983483749115	1.7196793277622	1.20172889890785	0.373074257879431	-0.644188299390591
1	0.244202652885361	3.41977149205664	3.76415656734764	-0.669610839284436	0.43436702180583
1	0.900887499857334	1.53505858042248	2.02043916966469	-0.964517078715358	1.59472109628019
0	-1.71995903787935	2.0372895835275	2.33348533104847	1.56832109591399	0.805457634174281
1	-1.96592343147891	-0.592948717211283	-0.265083831545701	2.24005368230148	0.913338862841146
1	0.854740998544887	0.476722174553176	-1.39545984792314	1.81718083756743	2.44021400760126
2	2.11023782849464	1.43959476195611	0.971965750237304	1.23135238406263	1.88368007082765
1	1.29080425116028	-0.306944145406169	-0.127330388844246	1.69287430047235	3.1101777542594
2	-0.43828507013044	-0.479533294106236	2.6663553688382	-0.55899529487682	2.74935532837841
1	1.51408665659897	-1.6396327359626	-1.29248261683391	3.77085108150079	3.29172748676006
2	-0.313491195417743	2.8644343120578	-0.331970275670679	2.2276326152891	-0.696306304988025
4	0.194337028129115	-0.437039765042366	0.141391819578873	4.70100435204452	1.45113287022008
3	0.686469229398874	2.68250022095799	0.492976775600887	1.01852699260341	1.58415475923042
1	0.936894005211276	2.82691106195983	0.635264068517688	1.74594033678411	1.92754619616762
3	0.67336479573202	2.00072429067431	0.250840359690682	3.93837932232261	4.47553032347603
2	1.66428922029152	0.114332235577798	0.495066177458767	0.600645177820477	0.540880959691499
0	1.79745432252542	2.44619364284593	2.89621154692185	-2.05910074364891	2.39326905855848
3	-0.328133435870182	0.432982370229586	-0.397098406983686	0.230380966724752	1.87131271216719
2	0.412226993813728	1.99430539238056	3.61366390648459	0.495406105625782	0.568274988873555
1	0.393707255925402	-0.0874109202029603	4.26575780429008	0.275285133281553	-0.830378980346465
1	4.00306788702778	3.23037468721631	0.932812165883491	2.40421822786072	2.12618307401514
1	0.533516414568637	-1.48919513767685	-0.991288735874273	-0.521183467667627	-0.07786411097525
5	2.27677237053394	1.60091132758235	2.50771206380534	1.31168240813833	3.73832518628302
0	1.98222718859855	-1.26519352841759	4.37705331826719	-0.64840580309729	4.85050441462687
4	-0.00526309640628853	1.8731281597528	3.29893872984343	0.691877910796093	2.78531031662352
1	0.822043840137173	0.317211064227161	-0.194121012191074	0.996831156242605	0.169829202842177
1	-0.423067483316755	-0.369621471024988	3.69151262614529	2.07401252548493	0.836105637830047
0	-1.12518673218406	3.27121018383677	-1.57830935284973	1.01276641096678	4.62195302976067
3	-0.79233305218697	2.20832110804912	-0.136384383085895	2.56443165553234	0.940452862157744
2	3.31778860888721	4.49348006795468	1.0554659895507	0.66895944047391	2.25398768844519
3	2.69588330639343	0.0937565178545356	0.583109285814747	4.24270374421228	2.28554809777837
0	1.1499613408426	0.155219592475845	0.242957234404968	-0.905832220718569	2.82702490593394
1	2.10257370167546	-0.495815268523029	-0.72465072748073	0.437224296750227	0.777711939192449
2	1.55401126812945	1.14194362652871	0.866381521729115	2.46567549726149	-1.11629959470047
2	1.5479155588626	0.948629290889738	2.57664692262772	3.73295188833521	1.17004136352831
2	5.46154162589059	0.557050145423183	-0.495931923727646	2.17241034825551	2.58755213877557
1	0.810976107591411	3.31257791316807	0.940833196356404	1.73095620722719	0.430683008523634
2	3.46138792116219	1.33183295926455	2.21232758894368	2.9715951903402	3.57700663582565
2	2.84027466843061	1.68153262725011	2.08606893556325	0.564523712690602	0.491398835996988
4	0.0148365811317841	3.3887558634532	0.644145179012775	2.60512838528485	-1.6912800609752
2	3.02704676040208	0.693621945176733	0.739168777808931	2.59661266880623	2.4546217417739
0	-1.36931389564806	-1.51180459183182	3.30115284186171	3.06429968460986	2.19268091701026
2	1.00518271350191	2.11999743600804	0.898752988177646	1.44683942402687	1.81278022876915
1	1.1658059027829	1.39150634040651	-0.29807526059123	-0.0533955119306877	-2.10832615917107
0	-0.0235488477956758	2.96815396259265	1.79129491304757	0.478012905064146	1.77210959344762
0	3.13006190886087	1.55779460035169	1.64157081462034	1.54627168975181	1.62281095528278
1	0.698004743287456	-0.796087855770639	1.40828634036469	3.91750090603771	2.4481515435833
0	3.12726064565525	2.65921101189393	1.5188380050867	1.56067440860208	3.99657700938649
1	-0.317142068235319	-1.55510723897012	0.541378617932527	-0.262829293550952	2.46886219896036
2	-0.60946219901358	2.53052387850674	2.88168324764737	-0.334558318454595	1.64614810223258
4	1.24082075343395	3.40406552416823	1.93056656765796	5.52720152014662	1.11623226641105
1	1.52340735623691	1.06918751352256	2.05803462807322	2.49326907220788	2.24570763789005
1	1.14722205659786	0.430422778746023	2.31113421997032	-1.40360277894553	-2.26299863444873
4	2.40606166539011	-0.0217048794639565	3.00415635388804	-0.117178741249147	2.99432256930035
0	1.10896945024632	-1.47482310959297	5.92370017240953	1.3730439039943	2.30145276280763
2	3.15761369989637	3.29214156218903	0.462586927312932	-1.26643865077077	2.43804515740778
0	0.276292205883881	0.377372931232709	1.78775206766873	0.821985545023301	0.746204947846449
2	1.85879135128011	3.35247622881018	1.09374262515233	1.36312462631178	2.05897721769007
3	3.9703897841327	3.8816803051369	4.44390046535853	1.96600511168276	1.6985015315819
2	-0.314964702219814	2.81992404518231	1.90630629589904	-1.7940108645659	-1.26714195378952
1	-0.57006943092395	0.916567265430289	0.662754490673662	-0.113087469346479	-1.72857835891901
0	3.34770429319756	-1.08123963767909	3.40067251590196	1.29291453554152	1.99102946593878
0	0.226418778291241	0.661345203866506	2.60668288528436	2.48576314021834	3.81670144598119
1	2.97500402556689	-0.100093556621237	1.49594811315229	0.920201808185307	1.9896329462416
2	1.61805249986139	-0.503025256777305	1.72848675804936	-0.561082217656946	-0.559933004273871
3	3.18501210658775	1.57493418517514	2.28275090930896	4.93676019507955	1.4357016175631
0	3.72155501461955	1.31445777236738	0.264237352964803	0.960769858945465	3.51653155620955
1	5.56971997865915	2.31838966817266	2.32223065519513	1.78905889858177	0.00793615595704744
0	0.597594497690757	-0.319440602587886	2.40500993353663	-1.77288370925832	1.44656962984283
8	4.20136063927381	3.74994887887404	1.56319170418694	4.0870086342948	-1.80026751991495
0	1.94016327208611	2.04674821152804	3.13140192052172	2.69842021763762	0.43468257364555
0	1.07936695073383	2.79785035955276	-0.603171268993195	1.36384432972478	1.53665448894213
1	4.32709574623832	0.761875888748718	2.885311343951	0.884802338988396	2.10290335556373
2	2.62049014142811	1.58268742518573	1.14234441333357	2.1317780486472	1.91265867690727
1	3.14833381987746	1.49814411958518	0.173027034420848	1.46815641891426	-0.725298314957258
2	1.94005253487214	0.601806940629377	1.99095362099956	2.15086486936677	1.51830310649752
2	2.62254304952178	2.2870297451601	0.28844605682679	3.28444558848708	-0.97559526533459
3	-1.41842966569014	4.18476924456406	0.970390272859318	0.159587726619779	2.19891951536391
2	0.972137627585561	0.0103705410450876	2.6912854603873	1.29161198049023	1.38059544801717
0	2.65140145700098	2.58745082894397	0.724685592994859	1.82482878888035	2.12681419087626
3	0.0306782556989258	1.8784441044352	2.7739052466012	2.43137546927483	1.00309317991129
7	-0.228683268637319	1.09169648019673	1.25532536289544	4.35887712553182	0.982467430154835
2	0.0963903537227013	2.1386962225273	-0.605245324741136	-0.163359457150882	0.591854706298923
0	-1.13487074068116	1.01777164869731	0.48341763204841	-0.0904217643942575	0.947164965490902
0	1.8516652715247	2.96410546369846	1.3776089390424	-0.721903348162001	3.8413226355019
0	3.31303688145888	-0.186732588715551	0.286165439399092	-0.7955762809707	1.55822571410548
5	2.33020416482289	3.3151719240417	2.95630978491385	1.81509854051319	1.63663352495429
3	2.21864928847089	4.50610093507255	2.51379383448518	1.83202197569268	1.24101673344997
1	2.55904279369793	1.89774039699247	1.31032549688956	1.28551377717194	2.23737699552159
1	-1.35951651651905	1.72815928557965	-0.337474031797635	2.1438705687321	0.839124412269404
3	2.67315558409817	-0.693295786052828	0.868708703411487	-0.313430838796713	1.26871343990874
7	4.10397600049407	0.776298673105751	0.139583349314481	1.62914586577933	1.8120204144754
0	2.01177102701863	1.72166902587446	2.53328315791635	-0.952682504974485	-0.142524468526626
1	0.663251042672956	2.49236715262474	1.41573741817988	-1.26249104571518	2.62129443232036
1	-1.00060365637247	0.63488334353657	3.3901255210276	0.0371475233187337	4.5170938360014
1	0.48781345863142	-1.27979397087181	2.83355457979421	0.36257255702623	1.55877944135994
0	1.907846167531	-2.04329764342399	2.79636906978794	3.79098922306002	0.460635496031738
3	2.7169349904607	-0.866062409885756	0.717146412473195	1.84602528140213	0.703516316190334
0	1.575898667604	0.447680811377831	4.33368625069136	1.67874377096658	1.41908369269774
0	0.593673070991038	0.970870361238192	3.42969935743315	0.0226057878612247	1.77304902957581
1	0.301239511133826	-0.237901567242004	2.46675312306559	2.97277667370776	1.02193182288967
0	2.68389619282717	0.0281490371541449	2.48924202417963	-1.6523704427127	0.751551822041443
1	3.02984731510986	2.03701390720749	2.89024745142721	3.47257456576361	3.52872880005368
0	2.62296101129893	2.47186089928096	3.00036704482345	-0.908135983146887	3.0331712116568
0	2.40381917283303	-0.226495782418472	0.440934459526277	0.41240985444215	3.1153382451775
1	-1.53898302664398	1.19365659107411	1.38943526065021	0.988196319964953	5.11624330716714
1	0.730620206362703	1.17956695521986	2.71880425475763	0.0998282792985856	2.67679311173196
2	1.97418846056609	1.47968686693881	1.02145210468947	0.912253559706249	3.51961086320622
3	3.39411133186624	-0.44856989701843	1.44362609296535	1.85394219634648	1.0109324226
1	-0.116427356169468	2.7595643769731	-1.14753501343415	3.53009654556842	0.41246150759671
2	2.5104397149828	-0.642589618904367	1.46513989714529	-0.0533761937690671	-0.544937417276739
5	2.08892981659443	2.44450892240915	2.0947273774782	0.619607823191715	0.400411487269537
0	1.45531196849235	0.701015725730381	-1.84854467862662	0.0550878026523578	2.39865291162927
0	1.36405191876136	0.137527787466168	0.470147774868289	2.3736300668958	2.26248912049308
4	2.09275538043478	3.63402434998583	0.0164498465149943	1.23608842512556	1.36905567327626
2	-0.546402599890707	3.08381145999962	1.87269889282934	2.99898901968355	1.26087564955201
1	0.448025330936649	-1.11870956743291	1.42287671462913	-0.162353839287628	2.67975157094192
2	-1.485800714797	1.48340664682878	2.05703051896573	-0.208207002703006	1.03785765955286
1	2.9126609416761	1.23098104954622	1.70772612419519	1.59788959383624	0.310910360155222
0	2.45963183503349	3.21569271097304	0.436784765793949	2.50597253542314	1.02322557065651
3	3.80159095402928	1.93804351094962	1.19359889059927	0.615696443053561	2.39967003033232
1	-0.333169473039611	2.30755947306976	1.24008431865657	2.63734671121786	1.60112428231517
3	3.08474115199737	3.49826129190539	0.752824033274024	1.05891106857985	0.937619333615731
3	0.0349909203408456	1.01091206298336	1.84982625591511	3.39629038381424	0.270879642209933
3	0.800477365547436	-0.398003433480786	1.63606214167453	4.84497787650702	1.42002832229663
1	0.675296493684275	-0.0863074444896581	3.35809669769688	4.74723083177108	-0.469135023133781
2	-1.29558790201653	1.42824477137892	0.775295450258369	-0.00893941895180905	0.782139896610549
2	1.99696806247321	4.74255492771394	-2.16018932516046	2.63272103518475	3.29556482023076
0	-0.710453472331321	2.65607967605156	2.31364885384413	3.13646100491501	-0.863649071575207
1	1.53372611875912	2.17537353817466	0.790375223449997	0.0946812247013469	-0.28341650659201
5	0.504209883610311	1.39155757943629	0.571053476707677	4.96400933473471	1.82729134899514
1	0.514827431522205	-0.798670085818702	3.33631213794135	1.86122865449126	1.00481187047079
0	-0.273222086035478	0.161154405743154	1.63513477109467	1.50641027487197	0.573287913335585
0	2.11356264414475	-0.239268884188482	-1.09686164089012	2.07675437885852	1.29418438057831
2	2.0288194548585	0.547154159140582	2.19120480174747	1.03050162616427	4.06050159356152
1	0.0657559152354705	1.56385314823932	2.01195327811075	3.06283781571261	2.09384407773583
0	-0.0363013295363637	1.3742173222048	0.344738074405532	-1.84035209275419	0.671777480906804
1	0.777122087350334	1.52056361646265	2.18118657630056	0.637773269224809	2.49993923196315
1	-0.0421227822976364	1.0943702323223	1.17466062929422	-0.610242627412447	-0.357215977851374
0	0.313174003010398	3.84171820509623	-0.161649971322527	1.50300797358599	2.38234503219013
3	1.59036671675487	2.88054524734247	3.41130740128679	-0.161372348502838	1.79140147238638
1	1.27887584150018	1.50651709909464	1.83224518398972	1.25087250047981	2.02159628228567
2	3.23899453511207	1.38872847314184	-1.55385587205527	0.0499065536429617	-0.274177751311238
1	-1.37928648738494	3.77181793202555	2.25436946588036	1.97303547415773	1.32705701559996
0	3.05414638417117	-0.377436177868961	-2.10597350055895	0.0581822978253788	0.0912867413648644
2	4.0509452041853	1.40834568745779	1.81754170826058	0.106885775149336	2.25744384518328
0	1.25662678385143	1.24291022696646	2.21556540068753	1.09884393595718	-1.09473724410704
1	2.44715775820357	2.71251725237897	1.94822552709476	0.628088938106545	1.51080445768027
0	1.4824950691021	0.0708504966638699	2.28142165036461	3.01563579836562	0.284417779781043
1	1.12476065031152	-0.208370920992047	2.22058596951055	1.59857270990409	0.810348007883081
2	0.747261725446226	2.80513098063007	0.625788410136573	2.74307800136462	2.21044033518463
5	1.93506142017292	0.678012190687297	3.95524273591689	1.98528882448766	-0.973701547085324
1	3.63699259420356	2.52218961238931	0.590918616788178	1.13092930898742	0.0949169200677324
1	2.21088810545058	1.28905351443111	1.08969616861831	-1.86495850430078	2.1211284538
1	4.30842385502135	3.2299099020299	2.27015492280957	-0.168336144933939	1.81726646237992
2	3.21313315271024	5.0526864609506	2.68696235281005	-1.68274893390006	1.59994600723076
2	-0.371680198867623	2.30082400591691	4.58128783167952	1.37457621488755	1.26816080082131
5	2.8486902431101	1.76461493098523	4.45726034523171	2.44661271103593	3.97342391781987
2	2.10203195185757	1.79328635177807	2.14046831976602	1.29221459359285	1.15005182715175
1	-0.481447808425229	1.86509056311479	0.62278744682262	2.52591225132258	4.89639640134471
0	1.2511360862642	1.57744797318144	-0.58526569204264	1.96307321386931	4.12686787113861
4	1.15306755980254	1.41159570504112	0.172473298875373	1.29323293611084	2.2050175436568
1	0.346274917015475	1.05396843625202	1.89637370723283	1.69759786095696	1.39763870394258
4	4.10777432725315	0.743432309381341	1.87389343206817	2.95070709137929	-1.43887948228944
1	-2.94434520774088	2.05413859032628	2.23546357640849	-1.2026128157192	1.26873265209127
1	-0.291815262913679	0.896049899457898	2.58648403262392	3.09478498762913	1.24327116269816
1	2.30150877881658	2.4050297509098	-0.876548413312384	0.236672389661192	-0.469187469801564
3	2.51571866006242	2.17733120667699	2.57269383056885	1.33438712740303	1.03653423202082
2	2.18170517925237	1.54184003504522	2.0731620002361	2.32097230897188	1.77598689996661
0	0.223546884668416	1.68840920519423	0.669089130286692	1.89860007933014	2.31060041259286
4	3.75791257560365	1.98041919645081	0.325632251536569	3.9063962186454	1.60693887841135
4	2.52628268157797	0.593782741066991	4.4087903316433	4.56190076288915	-0.422952783411893
1	0.715436078446149	0.605874691763878	3.20462214780853	2.22636510353652	1.9220403998197
0	3.11387034578449	2.14128125793851	1.69169770164106	1.57767264746393	2.49557740025352
2	3.68139423895564	0.773343179286221	2.78594942804843	0.313875636188507	2.6237969507854
7	2.68054651815973	4.09784977329453	2.04955242948211	2.98525670449841	0.0778287142461866
0	-0.423231615465133	0.967042855562946	2.00631128448209	1.49311603670393	0.782087344346576
2	2.95081301620873	2.06035141233128	-1.07761426919121	3.28253056368984	2.72502665158826
0	1.66860382189827	0.471392806485367	0.486267488709938	2.60220975768373	2.56841377213198
2	4.96662687929851	2.01874199382336	-0.191267083567716	0.920022706648616	0.115945741293334
1	0.903069055896104	-2.11987802581719	2.17690718250702	1.52656601575701	1.01720707810429
5	3.8660535372959	1.88420739521183	1.10267094033283	2.77748672076454	0.156516466445354
2	2.06285393675681	0.00341084611522335	1.323083994383	1.77766759203305	1.63853502890149
1	2.21561669269406	-0.238928455367697	2.22642824180909	3.5711912747501	2.74336802058562
4	3.95742426837319	0.830714391738855	3.26521457777572	-0.0400230880685979	0.348935672666611
1	0.819962208663445	1.72177349952725	0.449919085271385	1.01852893217968	0.698082538682131
5	1.71305064338199	2.39472922298382	1.80504509180391	3.31142926739481	0.654188847793483
4	0.0453519136076235	2.14903141098872	1.13017678684954	1.06934555779486	1.95589062331668
1	-0.244233053947205	2.57456320356469	1.55929579010194	3.61740557452773	1.45173229464915
2	-0.923657903142747	1.27025267096216	1.92294236006655	2.20347815989022	0.462820637898453
0	1.66201759897347	1.38925444299945	0.185527860112682	-0.158086771594717	-0.282660902341951
1	-0.474762338182906	3.19447311047875	2.58171311606689	2.30204523675158	3.45083679956295
1	3.40204896449064	4.01436536166207	-0.744279497735253	4.40773498671541	2.11708907467828
4	1.86946967896647	-0.0358219219050993	-1.32654661027091	0.393782367056973	4.39979137368455
2	1.92940341046227	3.53097519036802	3.77568420350112	1.87864670732099	-1.17268527957754
5	0.86942278079291	-0.311366222024396	1.996505786673	0.977739872959611	1.89920391686808
4	3.63417793505118	2.73084149821642	1.01537363007095	0.4435891267494	-0.0558695156895483
2	-1.50898219896728	0.686220426764885	-0.312914523901198	1.90269175742636	1.91177393094755
2	-0.605607960849983	-1.46439718876062	0.860619688772185	3.07777721395	4.28891713091419
0	3.09573041693109	1.28373561846603	1.11938205908944	0.738833935847906	2.73982056715491
1	1.549951194197	-0.416907373046996	0.484395876991329	-1.45619038314792	1.89425168468983
3	0.943863319559614	0.923986492177422	2.52381133829807	-0.0231680040681428	0.308907157577704
2	4.4021988359273	1.20574235133869	0.38394924897011	0.551698677623655	2.761453622916
1	1.67813888825452	-0.0755415252136484	2.50085220218685	1.79394886117908	3.50564372671747
1	2.2797076578842	0.951239512072934	1.98855942191206	-0.132248692180157	1.82695655178001
0	2.11820560803337	3.48168931802039	-1.52910107371255	0.493390608320386	-0.916871770559772
3	0.333561775171992	3.66032933115843	2.44100791181501	2.9805506299807	5.10190452385403
3	0.409153234254225	0.701821038991842	1.56379199716757	3.23966705458387	1.69867777535075
3	0.45911962218151	1.24394473375217	1.01535441944876	0.630744867610426	1.63710400963188
2	0.600836753950735	0.52057204996328	-0.884440338858892	1.35498131901403	3.80661633803818
0	0.49377261955013	-0.82792721572235	0.222653770027621	1.67803089832495	-0.307671657360603
1	0.430399767865339	-0.39753288307911	0.491532772672271	4.84154344017367	0.432455283003554
0	0.964409375731133	0.607083976860268	3.86357136189191	-1.52701968995627	1.34794062572199
1	1.93303813821538	-0.212783888025275	1.98397693759286	0.136460720469901	1.05004930139225
2	-0.565302195081199	2.28188997148224	0.537042935024217	-1.44878321970724	0.854937137580095
1	0.131931145012601	0.957614678379282	2.10084109763072	3.8295007780029	0.671131183362724
1	2.90030165106028	2.76189705262121	1.82584256817341	2.94814058927979	2.91875288189312
0	3.72463010074658	0.540640524740892	4.9589793917184	-0.34207709094433	1.13242551099549
2	2.23324510369024	-0.0368917740521435	2.64508902504817	1.31724051387672	2.58614280594521
4	2.57211606153336	0.13848530715934	0.38263092329997	-0.87627874846983	-1.6696310097461
1	0.83931025127001	2.23230206633289	2.31245393074788	1.11275773475669	0.722064275203532
3	3.86414092026092	4.35003558473333	1.44067218458875	0.320268663379001	2.51525525840525
2	-0.123436364421593	4.28993703129373	2.79042307911309	1.1738927984585	3.39927699301283
3	-0.0565672019387145	1.17450944226705	2.01308762865716	3.98935597004715	0.195897033840716
0	-0.494166507735066	1.08260863625642	1.32478290907198	3.53331960978399	1.72189539226542
5	2.68307401170689	2.11924415637901	2.03892189643821	4.13230842760907	1.91377133412663
1	1.05038085944663	0.206051454548819	0.803262433130182	0.0371317675701455	1.67931693683639
2	-0.244530757250803	0.348832303602716	0.566114580505779	2.90682753572213	-2.37153291745108
3	5.88323686121224	0.382970223811422	1.09995017411377	0.730616041221729	3.48903633019638
0	1.12035873450537	0.529486209577176	1.7025294485273	2.81132174901639	3.40668577086511
1	0.928914966162326	1.35085022856684	0.511471234796189	1.79051958158776	1.44167200372717
1	2.71529478060538	-0.0568520806290378	2.98741021602307	3.3513797516854	-1.12878168363735
2	4.51662243273157	2.04115907440963	2.33632097950211	-0.253241133417629	-0.979634553289499
3	1.27087523767649	2.35653456837286	1.09046933717813	0.435431760248288	4.82795679852525
2	2.91634544253595	2.95527011733419	0.175511738459471	1.84459084929541	2.67447517789248
4	2.64678351619977	0.680891743260771	2.40659470641956	5.2311843914416	-0.523130376547865
1	-0.0609215467430324	1.66154518074332	1.96515005636154	0.284412687151262	1.62594076035349
0	1.40065130149127	1.09728196160093	0.0977938669888492	-0.0263029868589226	1.85499282134665
2	4.3132696314394	1.70251330346023	4.15152313527807	1.92896080135395	2.83786986836597
3	3.95203368648498	1.28559597502528	0.0228389100470738	2.23234676372295	3.58298611238183
2	2.91737248383173	1.94310221412015	2.91442257892165	0.747530607280506	1.00847049117489
3	2.10514524173293	1.76978205617188	0.400072328851731	0.254595122497701	1.49992988371264
3	1.05813961146889	0.833894704725661	1.85256116138895	1.74261542322272	-0.11506911651667
2	0.571525967654968	-0.326142929290688	1.94867375399657	1.34156241621517	1.581809353687
4	0.615101806872073	3.93775903068247	0.415639576681042	2.58719594183309	1.62007194352181
3	4.35111160463985	3.23653089504009	1.46540369186645	2.70502159582157	3.36931488525183
3	-0.163113404004158	2.23142559756646	1.27407823535658	0.16519867362671	1.07520069473457
4	2.42562603704069	-0.48797394149145	0.598290044091809	2.68317524289074	-0.885108850961942
2	1.53947790808909	0.364133156562279	4.77829587000102	-0.957814897664341	0.0257200102391795
3	0.623851463725683	3.6111022761928	1.3782474774781	0.0140238063136948	0.374272040583959
4	0.527204209452506	3.84319818787404	-0.0939563974878919	2.43563762371979	1.2763877353952
1	1.14490279903501	1.10429905417757	1.78911232356723	0.808132668764708	1.17874254340555
1	1.53500012745793	3.06256936353625	1.93491626567634	3.65487128834072	3.57574063132266
2	4.04897208386691	0.180890773677751	-0.839234050599852	1.56055259536121	2.46010645680313
1	-1.16585610927143	-0.259487461120632	3.0603155339382	2.36772649150603	-1.59700100586145
0	-1.20638733879586	2.51512588846968	2.09707462323607	1.68008297763955	2.55858898739927
1	0.367528787984702	2.6692206244634	2.11375733381288	2.51765587617832	2.13650430131831
0	-0.0256144825532305	0.412609298274193	3.58048904967121	0.937991704173995	4.28796780941291
0	1.93099712122207	-0.714468745932571	-0.353750651140492	1.00687962185288	3.4234666514892
1	2.04327632926159	1.76042722293674	3.2609175779867	-0.157597525621885	1.19363585613587
1	0.00733216468385001	0.879879493654479	0.405775835536441	3.39029144240015	1.44823268503752
0	-1.84671595076874	0.474621404959688	0.14135997931676	1.92639445910598	0.613540162653882
0	2.47322348395814	-1.31141143587695	0.993339755953306	2.66603199919079	2.22005034567568
2	0.652554622659958	3.18585922993238	0.559110833324048	3.11021958428685	2.71350604887261
0	1.36093960155901	0.451330256137648	0.431669851156254	2.1208493479982	3.46952506883848
1	2.3877420637707	2.46447769737274	1.59793022652455	2.1976820729374	-1.14931201832097
1	-2.51595199738164	5.45802579381219	-0.967277054243434	2.38832384663762	2.18510599215945
2	5.4500245059642	3.56087642847438	3.47836133910461	1.49035459074162	1.13261334813102
2	2.71094630630808	0.275281267431233	3.19867793968064	3.30596197068496	1.3468823789012
3	3.30666519693725	0.412063814415429	-1.74831736877511	1.60890347085783	3.12694167188073
0	0.0276928295097592	-0.0544395043576604	1.28130006316292	2.71279872722535	2.29757856240062
3	2.66815958784821	3.91497794054275	1.46847384692898	-1.04225041797863	0.930261235879893
0	2.32457184003223	-0.0916983386542731	1.08978833021161	-0.0620246673506812	0.0137683797078298
0	3.97075569113469	0.242064965566195	0.164158291046252	0.651324358706009	2.50452112573901
4	0.0578775024125076	0.342020711836526	2.54496774490964	1.5188977919974	-0.49332599527531
0	5.36965506199542	1.85495513708229	1.49369448119245	-0.302555100713474	1.83917537174101
0	-0.213595027565363	1.51823316897767	-2.66670897163644	2.796292745414	2.13400881307928
1	0.961555757812548	-0.0717122366633185	2.27203069114795	3.22418825729375	2.66827967557319
1	-1.28927316196251	2.84692329547644	1.74546614104731	0.55043959226352	0.209306906678953
1	4.08373669561529	1.70420784645392	1.12996981552624	-1.20453162991583	2.56186699698769
2	1.8038200397699	0.570218596086179	2.73928174137108	3.91320906904558	-0.574052500567826
0	2.71292994687004	-1.56654101930288	5.10329973809917	-1.21477457078675	-1.706001372118
2	1.36218160909147	0.588935421102404	0.325258547837554	1.94605269878362	0.495226478028733
4	-0.0632705108415852	3.0463075701752	1.17703563721515	1.29415752941476	0.744662491099483
0	2.54929603292625	1.44404707817423	1.57931178323427	3.33258541474189	1.73047788435017
3	2.28538573240927	1.03174271099906	4.47826043281248	1.96397585593925	0.993430238931875
1	-0.526048199268152	0.363438001443165	1.97222170138798	0.632393756203423	1.90059174148668
1	0.948260577989292	0.10461589717489	2.95878999557269	2.1717489424536	3.01963200015617
4	2.05788772414682	2.36722078938457	1.14129778948344	2.02980837421788	2.02694829160526
3	-1.04353045155267	1.11166650041585	2.17014404550435	3.45542565942784	3.1005555319003
1	-1.6117905292433	2.20109457762179	1.49237401486694	2.08564472771084	1.01707377444297
4	2.00239415609618	3.2871653142951	1.46445014791639	0.0145893962230168	1.60116701425424
2	0.559454946457122	3.29808345449651	0.633158880817087	1.17845797446541	1.77928725687828
2	3.00034936558484	1.43275881417725	3.25963284015866	4.3829527096735	1.65731128674501
4	1.39847901276911	1.03949547730525	0.933393285636366	1.90344552271109	1.44661196834395
1	1.04018239877865	2.39605389976011	4.72671005588148	0.215272509104513	0.397777349243746
0	2.16435502431163	3.53152319548756	1.92284889601828	-0.762269403395847	1.89485737792511
0	3.05496753628922	0.0742257266665862	2.23156059894956	0.509188317412533	0.465401513444311
1	0.613541723025055	2.73129334782497	1.88028542459267	4.10973507876157	0.675072143063568
0	3.10342758151532	0.6861954698052	0.672979442797574	1.7773409403607	2.59444808922085
2	1.0686581451869	0.63968211828052	-0.70784378711186	-0.726938588474876	-0.184493557398013
6	3.16298785824611	-1.05020114197386	2.04956432482926	4.35052273089999	0.707881462571028
2	-0.290084998315761	0.212033480268741	2.98518143638526	0.00381075684946053	2.34665207106489
0	4.73696103383191	2.69340403657566	3.11640092027112	1.09554272711105	1.91516041774973
2	2.26044697278505	1.71032600410831	1.5623924953807	2.48448006190739	1.37041229615625
4	0.919688474827234	-1.33512532228007	1.67733361581807	3.29595268050393	-0.510849749519917
3	1.68168297651242	1.69365982463243	1.95463947798358	2.97184869046605	1.89210414390945
0	4.29528727281613	1.27502841852851	-0.327690886976761	-2.11744492239219	0.783803171207807
1	1.2204845850791	1.70591009584477	0.643144577946553	1.83966204782138	1.48339916488935
2	0.157347254434637	0.867818127171631	0.895507543687041	2.85809461922036	2.42242540847285
0	0.918374884783738	2.24859320024319	2.00174902511313	0.821892510357791	3.32371539520294
1	0.0258883171663353	-0.0229853754332052	0.0866891936012404	-0.497488869119967	0.493638285430154
1	1.6186551499773	1.61793100971879	1.3453616887531	1.90270159487838	-1.71152999328442
0	-0.732817232404776	1.44145853792056	1.65797856890277	2.09089021289804	1.65940111120249
2	4.55142634893687	-0.162668596411291	4.051539657593	2.28885608782118	2.7615778595803
0	3.61866472314799	1.92223658292896	1.42965455182327	-0.66966864748272	0.333501345854157
4	0.866914581650403	0.279123495505495	-1.00643442273853	1.52765399648912	2.84604790532377
4	1.69961557136789	3.32688744433145	2.97438886242213	0.318507432778326	1.66704688596605
4	0.135574903435049	-0.3973396274956	2.4641920016451	3.48815364528034	3.88770171296831
2	1.0885748264722	2.70328707702684	2.31664844118685	3.79455596451728	-0.655037792807613
0	-1.49056319304755	0.456711409830772	0.792988287962707	-0.294331659493708	1.41917907505664
0	2.08045640090279	-0.396871432230023	3.00550546722278	1.44160425653063	2.06268716318969
3	1.33519891379682	2.35589850556609	-0.187857706954827	4.1422610859017	-0.0103049585667123
0	-0.210249662184444	-1.08207761471894	0.608709091971437	2.64956065442421	-0.981579152164124
1	2.28728512922728	1.2862672809409	1.02837407148402	1.7253145342935	2.15369141507834
1	2.18027825018412	2.99511165653089	3.05770002632052	-0.293256069390658	2.86082818705974
6	1.83234571488588	2.4127294027753	0.109920236621603	4.13321934849745	3.95655190655736
4	3.41022438252143	2.37506649785006	0.304251465627327	0.499455672348864	-1.3259442485813
0	1.60839410310593	0.79685548738643	-0.259000490058117	-0.757536279225372	0.710180881684976
2	0.761070880677507	0.848368452758516	1.88858431945328	3.21849038254031	1.05133331578953
1	2.34830427277584	-0.226081146575255	1.24238824915687	1.24410297833125	2.71306143321097
1	3.41574934428585	2.48101906660046	0.915362279270558	0.781126464182863	2.38505816274976
7	4.20081176472964	3.41055921640719	1.44498490615567	5.05783183376449	3.19073594889695
2	-1.7905321068258	4.50184618055714	2.05999124494789	2.29354711107272	2.07715529567677
2	-1.28265424062588	0.421755311917019	0.301032266031187	2.72727151221123	3.48736327866579
2	4.03741693804676	1.93336370674668	-0.89402420612183	0.796504527764421	1.11504212296911
2	-1.4628777853515	3.09704058952178	3.71556014104848	0.7017987876539	2.02224212568479
0	2.15387772956117	1.48856253846788	2.27440574737645	2.75947374165034	0.982485367537102
0	1.78563045131642	0.289766010619241	-1.98957220783766	1.26952255135706	2.38802724941997
6	3.4861397797896	3.99407793780365	2.84143362965288	-0.182309294462218	2.48441628769141
0	0.47928761663912	2.60859236512732	1.94492413078734	1.54664839324939	2.05450902386622
2	1.02793066026794	1.98996686883978	3.76462014721385	1.74916639672922	1.09859311223898
4	1.69585173293077	3.19069924735705	2.68120355864935	5.10982660455416	0.420291813222116
3	1.29532681971828	1.1944591975045	4.14153415462748	2.37323232168735	0.503170375569862
1	3.35728307039739	-0.031017941530993	-1.35975239688568	-0.709096056855032	1.08224635129053
1	0.280729290489036	3.82448757457731	2.58286243502849	0.958237197486	0.279173555202525
2	1.94571085068484	3.17668976393722	1.57200137917785	3.02157683802277	5.19699167093546
0	0.86207815885285	1.20843798408387	1.12942374663644	1.04148975423114	2.77548753299646
1	1.30738099106653	3.41673697956089	3.019609465445	-0.916791835209146	0.438904353271207
4	2.10284237839237	2.9729655801217	2.15600866153021	4.45494247052553	0.681158800141367
4	2.97807274035104	1.83181600123483	1.2166522625374	2.69882475952091	3.62038305238137
1	3.67602121653853	0.843116582981834	4.65223317550339	1.10213290305409	0.371627833724651
3	3.91636623406272	2.46474453239679	5.41172053520259	2.93600572481841	2.60286074885772
2	-0.0909556062987169	0.370418186567661	-0.48040190868763	2.06113318014859	-0.47176815133002
2	1.96401312377782	0.370955456180374	3.05801753069743	3.18069337777875	2.30011038111671
3	1.31001093661601	2.26609186575651	0.193284711930233	1.1179568482199	2.15448724584834
1	0.877020564436732	1.51242952975776	0.158749829188374	1.17974382736498	1.5027183895783
2	-0.0992828317566792	1.04617924458628	3.07736823964826	0.923385476932833	0.652370128047209
2	2.72341784922043	1.92657395398046	4.16848776965704	-0.806954251557274	1.53412751524686
0	1.74053594810739	-0.126430423095743	2.19378624259823	0.551055905618689	-0.806106142881681
3	1.23033175506037	3.14239475088014	3.0077600713582	2.44878862364329	2.90154540979133
0	-0.143418012496164	0.783600223631782	1.95662144282346	1.78196036938071	0.901528413722979
2	1.38488298083159	2.99437003769531	-0.102797330876805	2.96394770954287	-1.83225044521197
6	1.92380260448987	4.6870822399513	1.20179773034876	3.13311540726057	1.11858974390392
4	-1.67745699027241	1.88441160038698	0.890177987463222	4.89554337877262	0.428977022596183
4	0.676112756107142	3.55404051514271	2.61437897384887	1.79290505467762	2.16619854606765
0	1.68479889662788	-0.875362859007959	2.53874744855359	1.57318155773843	3.12331489658331
3	-0.161566800815308	2.39497798777326	1.2418479801214	1.85390694289151	2.22662028234377
2	1.83782139322384	2.86007159230773	1.75142240897083	0.04250914497738	1.47961961868134
1	-1.50238287584387	2.10214079700027	1.32698868858984	4.20909624338515	2.33654853917642
1	-0.559659238505047	-1.05995376946206	-0.225102973259699	1.39893828629772	5.90391076393749
2	3.12609819976333	2.2611920971277	-0.869588199724703	-1.10612589149225	1.55876869822857
0	0.848904958267915	2.15269561478095	0.731136831932719	3.12461948656046	-0.0808941011813302
3	0.653312532983915	3.47983422785405	-0.930232220644908	1.49132330547716	3.40539442639772
1	0.93745740169437	2.48881907107171	5.02614077586089	1.54533317908516	0.797959163567606
5	0.704377449763722	-0.112448529150116	-2.35341575175323	1.18230527688336	2.42841786303085
3	2.38096424025681	1.61464854515955	2.36632868476078	1.28431328031137	0.114895255375483
0	0.516195960455185	3.08900332479249	2.81466959424492	-0.191142274150651	1.80277052782603
0	1.35689067100188	0.0123886847233923	1.655139082247	0.689892151204807	1.05122931452515
2	-2.43772422543667	-1.01902438624839	3.65809625314845	2.61984678701467	1.23924295470477
1	0.446128557982099	0.981930822787891	2.0728690950686	-0.373759613090567	1.97583998352252
2	2.82435235063095	1.30910567934806	4.62183663725271	1.95798308326724	4.52808628548337
2	2.34507385642199	1.36123749696911	0.434425015098287	0.658050694620268	2.19404775475701
1	3.07371911116248	2.0361431571798	2.44664121014361	-0.236948639735813	1.16158392683791
3	1.97972430944304	-0.239769486834878	1.4354202796589	2.69747599621938	0.532112425629492
2	-0.158825908991494	-0.341170832736426	0.164451793241637	-3.4807545729962	2.31661372043727
3	0.343375783623873	5.556976848289	1.15940992368356	0.677640396168235	4.76705725349959
4	2.21688996275909	1.4534003544729	1.25712187775424	-0.0489573472043423	-0.885441631706539
1	1.01302699120856	0.989422354726244	2.69844822470349	1.46557453708541	3.28208545716546
3	2.38155996319834	1.96499837154498	3.05135210115365	0.160197309663835	0.0927743547684186
2	-0.788518068329836	5.10412251100066	2.00104150613497	3.20816202613413	1.74968937452189
2	3.31094861626599	1.21320726197354	0.374506101039092	0.983168914280159	1.97854831479052
1	0.864983081658442	0.00143641032530639	0.21664534828863	1.74271413562841	0.867156659556009
1	2.69008095642263	0.0187012138164637	4.48854749584713	2.77995231341176	0.0758395128269724
1	1.66725482386611	2.42808412063719	-0.166255921917543	0.0412759859726579	3.30419272066133
0	2.28319248032037	1.68438275994371	1.6044962758244	1.9979358828437	0.925106389040787
0	0.776073347225516	1.68142256376829	3.43236997067913	2.11412952740667	-1.30479622459039
0	1.31822813452498	1.94781194152381	0.237622241803786	0.14553333537895	2.64934495286709
1	1.84904108959241	5.4406194394797	2.92728662288198	2.22390178501262	-0.264404984807918
2	4.81248172113853	2.39347650288371	-0.200994664471407	2.83868173343701	1.66565518878503
1	1.3186195088888	4.80311696699042	1.07525559997378	2.22927002669943	2.84651146971652
0	1.09367158234053	-1.87084327271295	0.696248559826959	1.12850004441338	0.515438260116591
2	3.78802503331335	1.93623951336775	2.51159491500526	0.404891281558634	-0.419299403261351
6	1.08766239120093	1.88989722803084	1.98684081619348	2.54828907408156	2.68591032679924
3	3.82207484707243	0.280979607018313	0.367905551502737	0.975805512638247	1.36653942571852
1	3.1413221346549	-2.04641871303788	-1.63210565430145	0.492074602177995	1.72714810874494
6	2.94849131134437	4.5199483466592	-0.0771662593437039	1.61556881106756	0.328496333585033
3	-0.664483604500945	-0.350154423411729	2.66124321585428	0.609701722384721	1.93904271495602
4	2.60216414429567	-0.0466259324809593	2.2741007934127	2.28022683013607	-0.31367494130584
2	1.86839859373888	1.44340704657662	3.22555192373043	4.08530944253893	3.51342802412101
2	3.03488721641042	1.79830363086637	2.39696136082876	1.32375557760847	-1.62716900872257
0	0.148491084570668	-0.907761940108462	0.651352110076003	0.473042194675523	2.78764333766303
2	0.660399208265892	1.6531105865413	3.66520101647644	2.47572619488097	3.07656304166962
0	2.04174056697289	2.99712348724328	1.00603957459558	1.21951932827174	1.86386340570033
1	3.89328900819981	1.2549648095185	3.16050950444171	0.678547955073571	1.43962883790837
1	0.248870363792839	2.98713241273993	0.259812650618737	1.12103691264236	-0.00610051444859505
6	0.0807827592770494	0.655256576268494	4.88387999957591	1.54629825346501	-0.0628919486266146
2	2.19255677324023	1.57556636884448	2.36686011340259	0.585295733310994	0.890549992284526
4	3.7994162800421	-1.14199727975451	3.123211299363	4.13334133642121	-0.986617589044733
1	2.53199128561933	1.67043856509137	0.844931169764069	0.629231188702184	1.41016868477791
1	0.116216970194811	0.240521645812541	5.28111743916155	1.08425940594471	0.303146100870382
4	1.17583895691492	3.99580738622299	1.92804269903788	-1.11223568024636	1.62264821781347
2	3.15906911765356	1.18948463846989	2.68719984693332	2.18081536738379	1.66994071952535
2	-1.56950997969456	-1.84697557892317	-2.21069406217218	3.29175610418084	2.60509582166132
6	-2.21765304322507	5.86438460081925	3.45205079290498	2.87231397436818	1.01177229195525
0	0.0846081850304226	3.0974638166385	2.11002673582317	-0.622422273381166	2.24399817977545
0	1.80575118190912	0.202857041672026	-0.847879965011996	0.723489648652017	0.814418116498568
4	2.53402035734899	1.97077707233935	2.11873358776926	2.92279710081861	2.06833982429933
1	0.259512758570086	2.02189182972869	2.70997012541552	-0.818165182533222	0.988586132160017
2	0.975038893411605	2.43142593402774	0.21083142844992	0.524869020406234	-0.857956288443537
4	2.88792486283002	-1.22111021840692	1.41802274808477	1.00452481522273	0.532712582811908
1	2.98986559740341	0.943951040264103	1.94291168432136	-0.496566139427297	0.789731560524374
2	2.40416166108986	2.74173803600485	2.12042574015281	0.107603443623067	-0.461465191875717
1	2.77697070666472	4.05617709327568	2.85900405524664	3.29113227630697	0.0415468037003703
0	1.37400852214859	1.31956745885584	1.14389235017846	0.868270677902369	1.37046266502906
1	3.01871472068128	-1.04225646404677	3.03674011563251	0.648608049164523	1.80118684549864
1	5.59902593791401	1.34840404321788	2.10629457298153	1.70097218346828	5.60120410185769
1	1.43940787186995	0.599199813059373	0.468040657905334	2.07851420316929	3.36405251048284
3	2.91568401158351	3.03315988517219	2.02607351311383	0.890471119003252	2.52358914150244
2	2.51506419105882	2.38990098101872	1.32191403658645	0.885786491814981	2.49897609290391
1	-0.779551442019204	1.19677275418748	2.62042804997122	2.28489877146473	5.22766194544058
4	0.44179104559928	2.46237856072983	3.04056363723908	-0.605951436603138	3.80966416913317
1	2.11493337598927	1.67928664364996	2.31289410345088	2.82805322321871	1.44335358422299
4	2.08083556200127	4.79398121539983	2.41462057646955	3.32651931753675	2.85357300489131
5	1.16132337754463	0.458409183536455	0.836582645497055	2.54147608079935	0.934040313781483
3	2.11502821239985	2.06405176912801	-0.593208394320581	1.20021603638252	1.33568552203962
3	1.20205820553429	2.54737799232895	1.73436370370165	2.34243461383384	0.633386645338916
1	2.64636336832939	2.87940223098865	3.10276688124878	0.614841763818472	1.11112622684767
1	2.06232934092499	2.63285830541249	-0.296353231921477	1.46195762950243	0.758697803768251
1	1.52026380978558	0.873379596585063	0.743669488006371	1.71613457453527	2.60923534061357
3	0.432277422885088	2.78679093018942	3.49099016570872	1.50765812795097	2.0950048701395
0	-0.835820380706242	2.43059882752945	2.86475758213437	0.238763310079953	3.84028928269805
0	4.06217610161894	0.582897275688708	-0.055121261242554	0.562247637096578	3.14140212231744
2	1.96508509305306	2.74702046878751	-1.26914740527466	3.5136421933229	-1.31298914956568
4	0.745599763937884	0.900121952076978	2.10005528721182	2.50184866140339	1.63987683897416
4	1.2926788888635	1.46112524526192	-0.728310752478247	3.32753922429386	-1.0104258982327
2	1.46381305075325	3.88860632668366	-1.224063160397	2.82644807273339	2.8899543369615
3	2.22255815110405	2.0680236154982	0.998292501063479	0.742141396999225	2.78451579128329
8	0.982207263890976	0.905174359732961	1.08084011860749	2.19794342476092	-0.479253498695938
3	0.481816693445023	2.72000692707921	4.30823497252959	3.19202624825035	1.50383242818365
4	3.04572243017799	2.08287347615843	1.61263348533179	-0.284267627442024	0.778217439012815
1	1.04216807373064	3.55475195214689	1.84462074417924	-1.24783167102496	1.11672434744274
1	-1.41652488962511	2.89805746119069	-0.159604420660641	2.36586269021976	1.99480885458169
1	2.42621241785422	-1.25674818232239	3.72746637105162	-2.97671886678043	1.01711255204856
3	1.70921386602462	-0.897387699261616	2.48247150667521	1.30820322188229	3.49741458007785
4	2.62580484991532	-0.12472057134272	-0.243786485608893	1.45683625301775	1.9875495928756
1	0.313645886472585	0.701471196742375	3.32596642694785	1.57139784623756	3.32101881302954
0	3.07426797615669	2.02272311175215	2.34010620807292	0.483002355729186	4.45244705473804
3	-0.201442930499355	0.591322616621174	3.28450836029042	1.39159461128952	-0.114089260232665
4	0.0941141801211189	1.53362743180445	2.51801769201846	3.38385164945681	-1.37065650038704
1	2.28556910445799	3.83483325856523	-0.196385581796925	2.53017572722826	4.13188260680969
2	2.12975884410379	2.87796065199235	-1.09419432464212	1.84882524645121	2.59815814970787
2	0.902829163702949	2.39062696186392	0.67779824708206	0.960066026642468	2.5975472479242
2	1.78463766196903	0.876721324977579	2.37466932146389	2.89586675441354	2.97611968683592
3	1.02066635375535	0.0521232116327353	-0.426474499667563	0.0296573983467097	1.68900092185727
3	-0.0937427940238531	4.02862957227871	1.86374703233436	1.95512744699113	1.45507980402687
1	4.81032625717234	2.13153569375977	0.653062866752519	0.632188358037386	2.33882126757196
0	0.806232983051929	-0.947203476069965	2.27658479458491	2.10468260320126	1.99046059910786
1	1.23136169462713	1.08275645867707	-0.846001396452467	3.17425292927338	3.26362145668487
0	1.68723199899474	-0.677149177168436	2.4636818217383	1.22441400473036	3.26935185292488
0	0.149886236414326	-3.35357739046174	0.46532752540428	3.11975828236674	1.36040052011349
